0 1 2 3 4 5 6 7 8 9 10 11 12 13 14 15 16 17 18 19 20 21 22 23 24 25 26 27 28 29:477:15 3 4 9 9 12 56 6 15 64 24 12 18 10 7 10 8 9 49 20 1 8 12 6 6 18 24 14 1 27:0.8 0.8 0.5 0.6 0.8 0.6 0.8 0.8 0.7 0.9 0.9 0.5 0.5 0.9 0.7 0.6 0.6 0.6 0.5 0.5 0.7 0.5 0.7 0.9 0.8 0.7 0.8 0.5 0.8 0.7
30 31 32:31:27 1 3:0.7 0.7 0.8
33 34 35:20:14 2 4:0.8 0.9 0.5
36 37 38 39 40 41 42 43 44 45 46:233:32 27 16 2 20 9 10 35 42 20 20:0.9 0.9 0.5 0.5 0.5 0.5 0.5 0.8 0.7 0.5 0.6
38 39 47 48:60:12 10 28 10:0.7 0.8 0.9 0.7
38 39 48 49 50 51 52 53 54 55 56 57 58:219:2 8 20 45 4 20 32 16 16 10 30 8 8:0.7 0.9 0.6 0.9 0.9 0.9 0.9 0.5 0.9 0.5 0.5 0.8 0.7
32 41 59 60 61 62:90:21 21 20 5 7 16:0.8 0.6 0.5 0.9 0.7 0.8
3 39 48:28:6 10 12:0.5 0.6 0.7
63 64 65 66 67 68:51:16 3 12 3 7 10:0.5 0.7 0.7 0.6 0.6 0.5
32 69:57:21 36:0.7 0.8
48 70 71 72:54:14 16 12 12:0.7 0.7 0.7 0.9
39 73 74 75 76 77 78 79:108:7 28 9 6 8 10 20 20:0.7 0.5 0.6 0.9 0.9 0.7 0.6 0.9
36 38 39 41 48 79 80 81:163:48 14 3 12 2 32 12 40:0.5 0.6 0.5 0.7 0.8 0.8 0.8 0.9
82 83 84:96:1 88 7:0.8 0.6 0.9
41 85 86 87 88:69:15 24 7 8 15:0.7 0.9 0.5 0.5 0.8
39 48 89 90 91 92 93 94 95 96 97 98 99 100 101:200:3 16 6 9 4 14 14 12 12 36 4 7 3 40 20:0.8 0.9 0.7 0.5 0.8 0.7 0.8 0.8 0.7 0.9 0.8 0.8 0.9 0.9 0.5
36 38 39 48 89:93:64 14 7 4 4:0.5 0.8 0.5 0.8 0.5
39 41 102 103 104 105 106 107 108:106:7 3 30 3 8 8 27 2 18:0.5 0.9 0.8 0.6 0.8 0.9 0.9 0.8 0.9
38 39 41 109 110:71:6 6 21 36 2:0.8 0.7 0.9 0.9 0.5
39 111 112 113 114 115 116 117 118:130:2 6 5 25 12 15 32 3 30:0.9 0.5 0.9 0.6 0.9 0.5 0.7 0.6 0.8
119 120 121 122 123 124 125 126 127 128 129 130 131 132 133:357:16 12 16 12 30 7 16 54 70 35 4 20 50 12 3:0.9 0.8 0.9 0.6 0.9 0.9 0.5 0.9 0.7 0.6 0.7 0.9 0.8 0.8 0.5
48 134 135 136:82:20 7 25 30:0.9 0.9 0.5 0.7
39 48 137 138 139 140 141 142 143 144 145 146 147 148 149:308:3 18 15 28 1 80 6 50 16 10 8 40 6 25 2:0.5 0.7 0.6 0.9 0.6 0.8 0.9 0.6 0.7 0.7 0.9 0.8 0.9 0.6 0.8
39 150 151 152:45:9 8 16 12:0.6 0.9 0.7 0.8
38 39 56 153 154 155:84:16 1 25 28 9 5:0.6 0.7 0.9 0.5 0.9 0.5
48 156 157 158 159 160:132:2 40 12 24 36 18:0.6 0.7 0.5 0.5 0.8 0.6
39 41 48:20:8 6 6:0.5 0.5 0.9
161 162 163 164 165 166 167:98:2 9 24 5 20 8 30:0.9 0.7 0.6 0.6 0.7 0.8 0.9
38 39 48 168 169 170 171 172 173:130:10 9 18 3 8 24 18 32 8:0.8 0.7 0.8 0.9 0.5 0.9 0.6 0.6 0.5
32 39 41 48 174 175 176 177 178:145:12 10 6 6 40 25 27 7 12:0.6 0.6 0.7 0.5 0.7 0.7 0.6 0.8 0.8
32 38 39 47 48 179 180 181 182 183:75:18 2 1 12 12 6 12 2 4 6:0.9 0.7 0.5 0.9 0.8 0.8 0.5 0.8 0.7 0.7
39 184 185 186:45:2 15 7 21:0.9 0.8 0.9 0.5
36 38 41 48 140 187 188:143:24 6 15 14 48 28 8:0.7 0.6 0.5 0.9 0.7 0.9 0.6
39 48 186 189 190 191 192 193 194 195 196 197 198 199 200:159:8 14 12 8 14 4 16 9 20 20 12 5 3 12 2:0.5 0.5 0.8 0.5 0.8 0.5 0.9 0.8 0.9 0.7 0.6 0.9 0.9 0.8 0.5
39 201 202 203 204 205 206 207 208 209:85:9 10 6 8 7 9 16 5 12 3:0.7 0.7 0.5 0.6 0.7 0.8 0.8 0.9 0.8 0.7
39 65 193 210 211 212 213 214 215:111:5 8 6 42 6 16 3 9 16:0.8 0.6 0.7 0.5 0.7 0.8 0.5 0.6 0.9
179 216 217 218 219 220 221 222 223 224:179:10 32 12 24 12 12 35 6 24 12:0.8 0.7 0.7 0.7 0.7 0.8 0.7 0.5 0.5 0.5
225 226 227:34:4 18 12:0.6 0.6 0.9
39 41 48 228 229 230 231:62:1 12 8 3 5 18 15:0.9 0.6 0.7 0.7 0.9 0.8 0.9
36 38 39 232 233 234 235 236 237 238 239 240 241 242:100:8 10 3 10 1 4 12 6 10 4 20 5 5 2:0.8 0.8 0.9 0.9 0.9 0.9 0.5 0.5 0.7 0.6 0.5 0.7 0.9 0.7
39 243 244 245:25:7 2 15 1:0.6 0.9 0.6 0.8
39 41 48 246 247 248 249 250:78:5 15 6 6 16 2 25 3:0.7 0.7 0.8 0.8 0.9 0.6 0.6 0.7
39 48 65 251 252 253:55:7 16 8 8 4 12:0.7 0.7 0.8 0.7 0.8 0.9
48 230 254:56:20 20 16:0.9 0.8 0.8
39 48 66 78 242 255 256 257 258 259 260 261:246:9 2 6 15 14 32 63 8 24 54 15 4:0.9 0.5 0.5 0.6 0.5 0.8 0.7 0.7 0.5 0.7 0.8 0.7
39 48 262:23:5 14 4:0.9 0.8 0.8
36 38 39 225 263 264 265 266 267:205:40 10 4 9 36 42 4 50 10:0.7 0.6 0.8 0.5 0.6 0.5 0.8 0.6 0.8
39 242 268 269 270 271:86:4 6 16 12 28 20:0.8 0.9 0.6 0.7 0.6 0.9
39 48 79 146 237 256 272 273:79:4 14 20 15 8 7 5 6:0.9 0.7 0.7 0.7 0.5 0.6 0.5 0.8
274:2:2:0.8
32 38 39 48 275 276 277 278 279 280 281 282 283:193:30 10 6 4 3 35 16 9 24 7 5 40 4:0.6 0.6 0.9 0.6 0.9 0.8 0.7 0.6 0.5 0.6 0.8 0.5 0.6
39 48 68:34:8 16 10:0.9 0.7 0.5
38 39 48 95 96 105 284 285 286 287:217:4 1 16 12 60 8 16 12 24 64:0.8 0.9 0.6 0.9 0.5 0.7 0.6 0.9 0.6 0.9
39 41 48 212 288 289 290 291 292 293 294 295 296 297 298 299:342:6 30 18 32 30 5 2 4 32 54 6 18 30 36 12 27:0.6 0.6 0.8 0.7 0.5 0.8 0.9 0.5 0.9 0.8 0.8 0.8 0.5 0.6 0.9 0.5
300 301 302:69:30 21 18:0.9 0.9 0.7
36 38 39 105 303 304 305 306 307 308 309 310 311 312 313 314 315 316 317 318 319 320 321:368:80 10 3 12 15 9 6 12 16 3 15 20 4 6 2 6 10 12 45 24 8 30 20:0.6 0.8 0.6 0.7 0.9 0.8 0.8 0.5 0.5 0.8 0.5 0.6 0.8 0.6 0.6 0.5 0.5 0.8 0.9 0.6 0.6 0.7 0.8
10 322 323 324 325 326 327:90:6 2 14 35 20 1 12:0.7 0.7 0.6 0.7 0.7 0.7 0.6
39 48 152 161 328:107:5 18 36 16 32:0.7 0.6 0.6 0.7 0.8
39 329 330:43:7 16 20:0.5 0.6 0.8
48 331 332 333 334 335 336 337 338 339:159:8 5 6 28 6 54 7 12 25 8:0.8 0.9 0.6 0.5 0.9 0.7 0.5 0.5 0.5 0.9
18 37 38 41 48 147 340 341 342 343 344 345 346 347:213:35 9 10 21 18 6 18 21 24 8 6 16 12 9:0.5 0.5 0.6 0.9 0.8 0.8 0.6 0.6 0.6 0.5 0.6 0.8 0.5 0.5
32 39 41 48 348 349 350:129:15 4 6 18 2 60 24:0.9 0.8 0.9 0.9 0.5 0.5 0.8
48 351 352 353 354 355 356 357 358 359 360 361 362 363 364:188:2 10 8 12 54 15 8 10 12 8 21 8 2 6 12:0.6 0.7 0.9 0.6 0.5 0.7 0.8 0.6 0.8 0.7 0.6 0.5 0.6 0.5 0.6
365 366:34:18 16:0.5 0.6
38 39 41 48 60 367 368 369 370 371 372 373 374 375:279:2 10 15 18 45 5 5 12 45 10 16 48 24 24:0.8 0.9 0.5 0.9 0.8 0.5 0.8 0.7 0.7 0.5 0.6 0.6 0.7 0.6
1 11 39 41 48 65 89 376 377 378 379 380 381 382 383 384 385:198:3 27 6 30 12 6 5 30 8 20 6 4 5 18 2 8 8:0.9 0.9 0.7 0.7 0.6 0.6 0.7 0.7 0.8 0.9 0.5 0.8 0.8 0.7 0.7 0.9 0.7
386 387 388 389:54:7 32 5 10:0.7 0.9 0.7 0.8
38 41 390:40:2 30 8:0.8 0.6 0.6
38 55 391:34:8 16 10:0.9 0.6 0.8
32 43 151 152 201 258 340 392 393 394 395 396 397 398 399:267:18 25 12 28 4 27 8 9 18 20 6 10 24 30 28:0.5 0.8 0.8 0.5 0.9 0.9 0.7 0.6 0.5 0.5 0.5 0.7 0.7 0.7 0.9
338 400 401 402 403 404:70:25 10 18 2 12 3:0.9 0.5 0.9 0.8 0.7 0.5
39 405 406 407:73:3 6 50 14:0.8 0.9 0.6 0.9
48 89 101 179 186 258 340 408 409 410 411 412 413 414 415 416 417 418 419 420 421 422:404:16 8 6 12 12 30 8 12 9 40 10 6 48 14 28 4 27 16 40 45 12 1:0.9 0.9 0.5 0.6 0.8 0.5 0.7 0.6 0.8 0.6 0.8 0.5 0.5 0.6 0.9 0.6 0.6 0.7 0.6 0.8 0.7 0.7
39 45 48 248 423 424 425 426:165:3 20 14 2 5 32 80 9:0.6 0.8 0.6 0.6 0.7 0.6 0.9 0.5
141 344 427 428 429 430 431:123:3 30 1 28 18 28 15:0.9 0.8 0.8 0.6 0.9 0.9 0.8
39 432 433 434:60:9 8 40 3:0.9 0.5 0.9 0.8
39 48 65 435 436 437 438:116:7 20 12 15 10 28 24:0.7 0.8 0.7 0.8 0.7 0.7 0.6
15 23 36 38 48 123 229 291 331 337 390 439 440 441 442 443 444 445 446 447 448 449 450:324:10 3 56 10 14 45 10 8 8 4 8 2 6 1 9 14 56 4 12 4 1 27 12:0.9 0.9 0.6 0.7 0.6 0.7 0.6 0.8 0.7 0.7 0.5 0.6 0.7 0.9 0.7 0.5 0.5 0.6 0.7 0.6 0.5 0.7 0.9
48 451 452 453 454 455 456 457 458 459 460:160:18 21 5 20 20 8 10 27 28 2 1:0.7 0.9 0.6 0.9 0.6 0.9 0.6 0.5 0.7 0.8 0.8
37 38 48 147 174 461 462 463 464 465 466 467 468 469 470 471:356:18 16 16 21 5 40 10 9 15 20 24 81 36 3 30 12:0.5 0.5 0.5 0.6 0.8 0.6 0.6 0.9 0.9 0.6 0.9 0.7 0.5 0.7 0.9 0.9
39 48 472 473 474 475:58:6 12 10 16 10 4:0.8 0.7 0.8 0.7 0.6 0.7
39 41 476:24:4 6 14:0.8 0.8 0.6
477 478 479:83:48 27 8:0.9 0.5 0.8
39 161 480 481 482 483 484 485 486:99:3 10 24 10 7 7 30 6 2:0.6 0.9 0.5 0.7 0.5 0.8 0.8 0.7 0.8
32 39 41 48 152 237 396:107:12 6 30 8 36 5 10:0.5 0.6 0.6 0.7 0.7 0.6 0.6
38 39 41 105 110 487:65:8 10 24 12 3 8:0.9 0.6 0.6 0.5 0.9 0.8
60 381:13:5 8:0.7 0.8
11 39 48 255 488 489 490 491 492 493 494 495 496 497 498 499 500:331:24 5 18 24 36 32 1 6 42 36 27 18 18 4 4 1 35:0.5 0.8 0.7 0.9 0.6 0.5 0.5 0.7 0.7 0.8 0.9 0.9 0.9 0.6 0.7 0.8 0.9
39:4:4:0.9
41 110 501:26:6 10 10:0.5 0.6 0.7
32 38 39 48 170 178 502 503:121:27 16 1 16 28 18 9 6:0.5 0.5 0.6 0.5 0.7 0.6 0.8 0.9
38 41 504:29:18 6 5:0.9 0.7 0.8
225 232 347 505 506 507 508 509 510 511 512 513 514 515:143:1 8 18 3 12 9 9 12 16 1 6 6 15 27:0.6 0.6 0.6 0.8 0.9 0.9 0.5 0.6 0.9 0.6 0.9 0.7 0.5 0.6
38 39 41 48 170 189 225 270 516:114:4 10 3 8 16 20 1 24 28:0.5 0.7 0.5 0.5 0.7 0.9 0.7 0.8 0.5
39 48:20:6 14:0.8 0.5
38 39 281 517:87:6 9 8 64:0.9 0.7 0.7 0.5
2 518 519 520:75:8 10 49 8:0.6 0.5 0.6 0.8
310 521 522:26:6 8 12:0.6 0.6 0.8
41 523 524:50:15 5 30:0.7 0.9 0.8
48 310 416 521 522 525 526 527 528 529 530 531:277:12 10 3 18 12 12 45 88 15 6 20 36:0.8 0.7 0.8 0.9 0.9 0.8 0.9 0.7 0.8 0.6 0.6 0.6
38 39 110 532:46:14 8 9 15:0.5 0.7 0.7 0.8
18 38 47 48 89 258 293 338 365 533 534 535 536 537 538 539 540 541 542 543 544:345:63 10 16 10 10 18 36 40 10 24 16 6 6 6 3 4 10 7 15 20 15:0.7 0.5 0.5 0.6 0.6 0.5 0.6 0.7 0.5 0.8 0.6 0.9 0.6 0.6 0.8 0.9 0.5 0.7 0.5 0.7 0.9
39 48 106 107 264 308 384 498 545 546 547 548 549:187:10 8 36 14 18 9 16 32 2 20 8 10 4:0.7 0.8 0.7 0.6 0.9 0.7 0.6 0.5 0.6 0.5 0.7 0.7 0.6
39 48 312 550 551 552 553 554 555 556 557 558:106:4 8 12 12 20 25 5 2 2 5 7 4:0.7 0.6 0.7 0.5 0.9 0.5 0.8 0.8 0.8 0.5 0.5 0.5
32 39 41 48 89 129 255 357 367 368 408 491 552 559 560 561 562 563 564 565 566 567 568 569 570:355:15 8 21 10 1 10 4 35 5 5 20 9 50 7 9 2 3 20 8 35 21 6 10 36 5:0.8 0.5 0.9 0.8 0.6 0.6 0.9 0.8 0.7 0.5 0.5 0.9 0.9 0.6 0.9 0.6 0.5 0.7 0.6 0.5 0.6 0.7 0.5 0.7 0.7
38 170 201 571:74:12 36 16 10:0.9 0.5 0.8 0.6
39 41 48 572 573 574 575:116:10 18 14 20 36 4 14:0.8 0.7 0.7 0.8 0.8 0.5 0.8
38 39 161 281:26:6 8 4 8:0.6 0.7 0.6 0.9
36 38 48 78 155 576 577 578 579 580 581 582 583 584 585 586 587 588 589 590 591:385:72 6 6 30 1 5 10 4 32 6 20 45 3 25 10 6 6 40 4 40 14:0.8 0.7 0.9 0.7 0.7 0.5 0.5 0.5 0.8 0.5 0.7 0.8 0.9 0.5 0.8 0.8 0.9 0.7 0.5 0.6 0.5
39 48 592 593 594 595 596 597 598 599 600:106:10 10 6 8 20 14 6 2 12 10 8:0.6 0.8 0.7 0.7 0.5 0.9 0.5 0.5 0.6 0.7 0.9
39 178 601 602:70:3 18 25 24:0.9 0.5 0.7 0.6
38 39 170 207 603 604 605 606:158:6 7 36 4 8 70 12 15:0.5 0.9 0.5 0.9 0.6 0.6 0.8 0.9
126 290 292 548 607 608 609 610 611 612 613 614 615 616 617 618 619 620 621 622 623 624:372:18 12 4 14 30 72 5 8 10 8 10 4 36 2 32 24 16 24 10 12 6 15:0.8 0.6 0.9 0.9 0.5 0.5 0.7 0.8 0.7 0.8 0.9 0.7 0.8 0.6 0.5 0.7 0.7 0.7 0.6 0.6 0.7 0.5
625 626:30:9 21:0.8 0.7
39 48 627:43:9 20 14:0.7 0.8 0.9
39 41 48 134 272 475 628 629 630 631 632 633 634 635 636:216:4 9 10 5 35 12 20 4 4 25 35 10 5 30 8:0.9 0.6 0.9 0.7 0.7 0.7 0.9 0.6 0.9 0.8 0.5 0.5 0.8 0.7 0.9
39 48:19:5 14:0.9 0.8
38 39 41 48 89 110 637 638 639:130:16 8 27 20 6 5 10 20 18:0.8 0.8 0.6 0.5 0.5 0.5 0.5 0.6 0.9
38 48 170 242 255 389 604 640 641 642 643 644 645 646 647:226:6 20 24 10 20 3 63 8 4 5 25 4 24 4 6:0.6 0.5 0.8 0.8 0.5 0.5 0.8 0.7 0.5 0.6 0.7 0.6 0.8 0.6 0.5
36 38 39 271:49:16 16 7 10:0.6 0.5 0.5 0.9
39:4:4:0.5
39 89 186 543 648 649 650 651 652 653 654:136:5 7 21 28 21 2 1 20 1 18 12:0.9 0.6 0.9 0.7 0.8 0.8 0.9 0.6 0.7 0.9 0.5
41 511 655 656 657:34:6 5 1 14 8:0.6 0.9 0.7 0.9 0.7
39 48 658:15:2 4 9:0.5 0.7 0.5
39 48 201 659 660 661 662 663 664 665 666 667 668 669 670 671 672 673 674 675:306:3 18 20 7 2 3 4 10 35 30 14 42 3 16 36 32 2 12 3 14:0.9 0.7 0.8 0.6 0.6 0.7 0.5 0.7 0.7 0.7 0.8 0.7 0.8 0.5 0.9 0.7 0.7 0.6 0.5 0.9
39 41 676 677 678 679:69:6 15 4 10 14 20:0.7 0.7 0.6 0.8 0.6 0.8
39 72 365:30:4 18 8:0.8 0.8 0.8
39 680 681:82:6 40 36:0.5 0.5 0.6
23 39 41 48 260 357 470 682 683 684 685 686 687 688 689 690 691 692 693:359:9 10 3 16 15 20 45 20 35 8 16 25 28 40 4 14 18 30 3:0.6 0.8 0.9 0.5 0.6 0.7 0.8 0.9 0.5 0.9 0.9 0.7 0.7 0.5 0.5 0.7 0.9 0.7 0.6
37 38 39 48 694:47:3 20 6 16 2:0.8 0.7 0.8 0.9 0.6
32 39 166 346 533 695 696 697 698 699 700 701 702 703 704:141:21 10 9 24 3 5 6 18 6 2 4 14 3 1 15:0.8 0.9 0.7 0.5 0.7 0.5 0.6 0.6 0.5 0.9 0.5 0.7 0.5 0.9 0.6
12 39 578 597 705 706 707 708 709 710 711 712:233:9 2 8 8 2 10 90 6 54 18 24 2:0.9 0.6 0.9 0.9 0.8 0.9 0.7 0.9 0.6 0.9 0.6 0.5
39 155 338 713 714:123:10 1 25 42 45:0.5 0.5 0.8 0.5 0.8
37 38 39 41 48 170 433 715 716 717:152:21 16 1 6 18 20 4 9 7 50:0.5 0.7 0.6 0.5 0.7 0.8 0.7 0.8 0.6 0.8
718 719:35:28 7:0.7 0.8
39 48 150 160 720:55:7 6 10 27 5:0.6 0.5 0.5 0.8 0.5
19 36 38 39 41 48 248 543 721 722 723 724 725 726 727 728 729 730 731 732 733 734 735 736 737 738 739 740:486:50 32 2 1 12 2 8 16 4 36 24 9 72 20 6 2 7 40 12 24 30 16 7 20 14 6 4 10:0.8 0.7 0.7 0.5 0.7 0.5 0.7 0.6 0.5 0.5 0.7 0.7 0.7 0.5 0.7 0.6 0.7 0.6 0.7 0.6 0.5 0.9 0.5 0.9 0.7 0.7 0.7 0.9
41 48 741 742 743 744 745:115:6 8 40 20 30 9 2:0.6 0.9 0.8 0.5 0.9 0.5 0.9
10 746:32:12 20:0.8 0.9
9 39 41:92:80 9 3:0.6 0.5 0.6
747:10:10:0.6
359 748:22:7 15:0.7 0.6
9 227 715 749 750 751 752 753 754 755:97:24 2 7 8 4 12 18 12 2 8:0.9 0.8 0.8 0.9 0.7 0.5 0.6 0.7 0.9 0.9
39 48 68 649 756 757 758 759 760 761 762 763:158:10 16 4 4 3 32 1 6 32 4 36 10:0.5 0.5 0.7 0.5 0.6 0.5 0.7 0.8 0.7 0.8 0.6 0.6
209 211 242 618 637 651 764 765 766:127:7 12 20 36 6 25 14 5 2:0.8 0.7 0.9 0.6 0.9 0.8 0.8 0.6 0.6
647 767 768 769:67:6 20 20 21:0.6 0.8 0.8 0.5
39 41 770:22:8 6 8:0.6 0.6 0.8
38 286 359:61:18 40 3:0.8 0.9 0.6
38 110:14:4 10:0.9 0.5
19 39 284 420 771 772:92:10 2 20 30 9 21:0.8 0.5 0.6 0.7 0.8 0.5
39 48 773 774:48:1 16 4 27:0.9 0.8 0.9 0.8
37 38 110 334 775 776 777 778 779:112:30 16 8 1 20 28 2 4 3:0.5 0.9 0.5 0.6 0.6 0.5 0.9 0.6 0.9
11 39 41 48 67 102 225 228 278 564 780 781 782 783 784 785 786 787 788 789:352:3 4 24 12 9 12 1 21 9 12 30 12 8 20 21 21 28 50 15 40:0.8 0.8 0.6 0.9 0.5 0.6 0.9 0.6 0.7 0.8 0.5 0.8 0.8 0.7 0.7 0.7 0.5 0.8 0.6 0.6
38 39 41 790 791:84:4 8 6 54 12:0.9 0.8 0.7 0.9 0.9
38 39 48 286:31:14 9 4 4:0.6 0.9 0.5 0.8
38 39 41 47 48 61 150 312 441 561 622 649 792 793 794 795 796 797 798 799 800 801 802 803 804 805:457:2 4 15 28 10 3 5 12 9 2 36 16 100 16 6 9 4 20 12 16 40 14 21 8 45 4:0.6 0.6 0.9 0.5 0.6 0.8 0.9 0.7 0.5 0.9 0.9 0.8 0.9 0.7 0.9 0.8 0.5 0.8 0.8 0.6 0.6 0.9 0.5 0.7 0.5 0.7
48 768 806:56:18 24 14:0.7 0.9 0.8
38 41 170 420:71:12 30 24 5:0.7 0.8 0.8 0.9
38 286:38:6 32:0.7 0.6
39 41 48 807 808 809:104:6 27 10 9 3 49:0.5 0.9 0.9 0.7 0.8 0.8
32 41 420 810:69:24 15 20 10:0.9 0.8 0.6 0.6
39 48 89 811 812:35:4 4 4 15 8:0.7 0.7 0.6 0.9 0.6
0 39 48 65 120 181 730 813 814 815 816 817:180:15 7 4 6 36 6 30 4 4 12 20 36:0.6 0.9 0.9 0.9 0.8 0.6 0.8 0.6 0.7 0.8 0.5 0.7
22 32 39 818 819:80:18 30 1 4 27:0.9 0.7 0.9 0.8 0.7
39 41 806 820 821 822 823:131:2 21 12 36 30 2 28:0.5 0.8 0.5 0.6 0.5 0.8 0.7
39 48 179 490 570 572 649 723 824 825 826 827 828 829 830 831 832 833 834:203:4 14 20 9 5 6 20 32 3 16 6 6 5 20 12 10 6 3 6:0.8 0.9 0.8 0.7 0.8 0.5 0.7 0.7 0.9 0.8 0.7 0.6 0.7 0.7 0.9 0.7 0.5 0.6 0.7
36 38 483 492 740 835 836 837:248:80 20 7 70 4 40 24 3:0.5 0.8 0.8 0.8 0.9 0.7 0.8 0.7
38 838 839 840 841 842:119:8 9 24 6 56 16:0.8 0.6 0.9 0.7 0.7 0.6
48 798 843 844 845 846:27:2 8 12 2 1 2:0.9 0.5 0.6 0.5 0.6 0.7
9 39 48 704 767 809 847 848 849:155:8 5 10 9 14 21 3 40 45:0.6 0.8 0.9 0.7 0.7 0.8 0.8 0.8 0.9
9 38 39 170 330 714 850 851 852 853:110:8 2 6 16 12 10 8 24 18 6:0.8 0.5 0.5 0.7 0.7 0.6 0.8 0.7 0.7 0.5
39 41 48 854:41:5 15 16 5:0.7 0.5 0.9 0.6
237 855 856:29:10 4 15:0.6 0.6 0.5
39 45 48 522 535 681 857 858 859 860:152:10 30 16 16 12 12 12 32 7 5:0.6 0.5 0.9 0.7 0.7 0.6 0.9 0.7 0.6 0.9
39 48 861 862:92:1 6 80 5:0.5 0.7 0.6 0.5
39 48 359:35:6 20 9:0.6 0.8 0.6
38 39 48 110 161 863 864 865 866:139:10 5 12 4 18 10 10 35 35:0.7 0.6 0.7 0.5 0.7 0.9 0.7 0.9 0.6
441 645 867 868 869 870 871 872 873 874 875 876 877 878 879 880 881 882 883 884 885:610:1 20 36 42 30 12 16 45 81 40 7 25 24 60 70 36 9 5 20 16 15:0.7 0.7 0.8 0.5 0.7 0.5 0.7 0.9 0.8 0.8 0.6 0.7 0.9 0.8 0.8 0.7 0.8 0.7 0.9 0.5 0.5
39 41 161 259 260 886 887 888:110:1 6 12 30 40 6 6 9:0.5 0.9 0.7 0.9 0.5 0.5 0.5 0.5
39 48 798 859 889 890:81:10 20 32 6 7 6:0.7 0.8 0.6 0.5 0.6 0.7
39 48 101 249 255 278 441 479 495 585 678 809 891 892 893 894 895 896 897 898 899 900 901 902 903 904 905 906:474:5 8 4 20 16 24 7 5 30 4 4 42 7 20 10 6 4 8 16 24 7 27 1 90 20 35 20 10:0.5 0.5 0.8 0.9 0.8 0.8 0.7 0.9 0.8 0.6 0.8 0.7 0.6 0.7 0.6 0.5 0.7 0.5 0.9 0.7 0.8 0.7 0.7 0.5 0.6 0.9 0.9 0.9
39 907:13:7 6:0.6 0.8
48 65 908 909 910 911 912 913:117:2 18 7 30 30 10 16 4:0.9 0.5 0.5 0.8 0.7 0.7 0.8 0.8
38 39 48 170 303 494 914 915:168:6 5 14 32 12 18 63 18:0.5 0.5 0.9 0.5 0.6 0.9 0.6 0.8
31 39 41 93 916:110:5 7 30 14 54:0.6 0.9 0.7 0.5 0.7
209 917 918 919 920 921:66:7 10 5 20 4 20:0.6 0.7 0.5 0.9 0.9 0.8
32 38 39 41 47 191 209 348 390 422 441 547 645 877 922 923 924 925 926 927 928:367:27 14 2 27 4 40 7 3 16 7 8 2 36 36 32 14 18 56 4 5 9:0.9 0.9 0.6 0.5 0.5 0.7 0.6 0.8 0.8 0.6 0.7 0.9 0.9 0.7 0.5 0.8 0.5 0.8 0.5 0.7 0.7
32 48 270 511 750 929 930 931 932:99:15 6 32 7 8 2 5 20 4:0.7 0.7 0.7 0.7 0.7 0.6 0.7 0.8 0.8
32 38 39 41 42 170 178 213 272 511 589 933 934 935 936 937 938 939 940 941:325:6 16 8 21 2 28 48 2 25 4 6 1 14 4 40 21 50 3 6 20:0.6 0.8 0.7 0.8 0.5 0.8 0.7 0.7 0.8 0.6 0.9 0.6 0.6 0.8 0.5 0.5 0.5 0.9 0.7 0.6
39 48 942 943 944 945 946 947 948:194:7 14 30 12 54 9 30 32 6:0.7 0.7 0.5 0.7 0.7 0.7 0.9 0.6 0.9
38 39 48 286 949 950 951 952:130:16 3 8 4 24 8 40 27:0.9 0.5 0.9 0.8 0.6 0.5 0.9 0.9
39 41 349 606 665 953 954 955 956 957 958:278:3 3 36 40 15 10 54 2 27 72 16:0.8 0.8 0.5 0.8 0.7 0.6 0.6 0.6 0.5 0.5 0.6
10 39 41 48 959 960:84:3 6 21 14 24 16:0.5 0.8 0.9 0.5 0.6 0.9
9 48 96 107 529 549 606 789 961 962 963 964 965:258:16 20 12 18 30 14 40 32 30 24 6 12 4:0.8 0.9 0.7 0.8 0.8 0.7 0.8 0.5 0.9 0.8 0.6 0.7 0.7
39 269 384 966 967:95:2 12 6 72 3:0.5 0.6 0.7 0.8 0.9
25 32 41 117 185 232 248 340 503 530 533 762 927 968 969 970 971 972 973 974 975 976 977 978 979 980 981 982:705:18 12 12 27 5 14 10 18 21 14 9 20 10 18 6 16 63 18 56 40 80 72 4 24 28 40 20 30:0.7 0.6 0.5 0.9 0.8 0.8 0.9 0.8 0.5 0.6 0.9 0.9 0.6 0.5 0.7 0.9 0.6 0.9 0.7 0.6 0.9 0.5 0.6 0.6 0.6 0.5 0.9 0.9
65 76 128 136 185 535 558 612 615 730 913 916 983 984 985 986 987 988 989 990 991 992 993 994 995 996 997 998 999 1000 1001 1002 1003 1004 1005:581:18 1 10 18 4 9 20 7 8 25 3 54 1 32 8 28 6 8 16 4 28 27 49 40 16 6 8 18 40 6 14 10 25 2 12:0.5 0.6 0.8 0.9 0.7 0.6 0.6 0.7 0.9 0.8 0.7 0.9 0.5 0.6 0.5 0.5 0.9 0.7 0.5 0.8 0.8 0.5 0.8 0.8 0.9 0.8 0.8 0.5 0.9 0.8 0.9 0.9 0.7 0.7 0.6
1006 1007 1008:23:10 9 4:0.9 0.5 0.6
39 389 989 1009 1010:82:5 7 6 40 24:0.6 0.8 0.7 0.5 0.7
39 41 48 715 755 1011 1012 1013 1014 1015 1016 1017:106:3 3 14 7 18 5 7 15 3 6 10 15:0.8 0.8 0.8 0.8 0.6 0.8 0.5 0.8 0.6 0.6 0.6 0.9
65 101 175 176 178 197 282 301 623 803 806 1018 1019 1020 1021 1022 1023 1024 1025 1026:353:8 8 5 18 36 9 8 56 20 12 6 14 45 6 10 63 3 7 10 9:0.5 0.7 0.8 0.7 0.6 0.6 0.7 0.7 0.9 0.6 0.7 0.9 0.5 0.8 0.5 0.8 0.6 0.8 0.5 0.8
39 48 237 1027:15:5 4 3 3:0.6 0.8 0.9 0.8
38 84 107 108 110 133 237 249 493 589 604 675 1028 1029 1030 1031 1032 1033 1034 1035 1036 1037 1038 1039 1040 1041 1042 1043:556:10 7 6 30 10 5 9 20 24 16 70 42 30 9 16 30 36 24 3 15 40 6 48 2 2 9 7 30:0.9 0.6 0.6 0.9 0.6 0.5 0.6 0.8 0.5 0.6 0.5 0.5 0.5 0.7 0.9 0.9 0.7 0.9 0.5 0.7 0.8 0.5 0.9 0.5 0.6 0.8 0.7 0.9
32 1044 1045 1046:94:24 18 32 20:0.6 0.9 0.8 0.6
39 45 48 200 259 282 359 365 396 577 589 593 751 1047 1048 1049 1050 1051:315:2 10 6 4 60 16 3 4 8 1 4 20 18 42 40 36 40 1:0.7 0.7 0.8 0.9 0.8 0.7 0.5 0.6 0.6 0.9 0.7 0.5 0.8 0.6 0.6 0.6 0.6 0.6
32 868 1052 1053 1054:141:30 70 10 30 1:0.6 0.5 0.9 0.5 0.6
39 41 48 348 352 454 533 693 754 1055 1056 1057:285:3 30 18 6 72 25 24 18 10 12 35 32:0.8 0.5 0.8 0.8 0.8 0.8 0.8 0.7 0.7 0.8 0.6 0.7
38 39 249 371 740:51:20 4 15 4 8:0.9 0.5 0.8 0.8 0.6
48 571 681 803 967 970 1031 1058 1059 1060 1061 1062:207:12 18 24 4 18 18 25 48 7 8 16 9:0.8 0.7 0.9 0.6 0.9 0.7 0.7 0.6 0.5 0.6 0.8 0.9
359 1063:6:4 2:0.7 0.5
32 38 48 170 186 365 413 475 548 636 1064 1065 1066 1067 1068 1069 1070:385:24 20 2 12 27 16 30 2 4 24 6 40 15 15 40 45 63:0.7 0.7 0.9 0.8 0.9 0.6 0.6 0.6 0.7 0.9 0.5 0.5 0.6 0.5 0.5 0.8 0.7
39 1071 1072 1073 1074 1075:107:9 12 30 35 1 20:0.9 0.9 0.7 0.9 0.9 0.5
48 77 101 242 571 616 822 1076 1077 1078 1079 1080 1081 1082 1083 1084 1085 1086 1087 1088 1089:379:8 6 18 2 8 8 4 45 60 4 32 12 6 12 10 45 18 21 15 18 27:0.7 0.9 0.6 0.7 0.9 0.9 0.6 0.7 0.6 0.7 0.7 0.8 0.8 0.6 0.7 0.5 0.6 0.8 0.7 0.9 0.5
39 48 255 493 1090:79:9 14 20 12 24:0.6 0.9 0.5 0.8 0.9
38 39 48 328 504 984 1091:75:8 10 10 16 10 12 9:0.5 0.5 0.9 0.8 0.6 0.8 0.8
48 260 665:29:18 5 6:0.6 0.9 0.5
39 41 48 956 1031 1092 1093 1094:70:5 6 14 6 25 4 6 4:0.9 0.5 0.8 0.8 0.6 0.7 0.7 0.7
32:15:15:0.5
38 170 885 1095:40:12 24 3 1:0.8 0.5 0.7 0.8
433 1096:39:12 27:0.6 0.8
31 846 1097 1098 1099 1100 1101 1102 1103:106:10 20 2 16 24 14 12 2 6:0.6 0.9 0.7 0.5 0.9 0.6 0.7 0.6 0.6
39 48 828 1104 1105 1106 1107 1108 1109 1110 1111:157:5 2 1 20 7 8 18 60 18 2 16:0.7 0.6 0.8 0.9 0.9 0.9 0.5 0.7 0.6 0.5 0.5
38 39 48 170:53:2 3 8 40:0.8 0.5 0.6 0.9
38 39 41 390 1112 1113 1114 1115:61:2 2 9 20 10 5 7 6:0.5 0.6 0.9 0.7 0.9 0.9 0.5 0.9
38 39 41 72 105 208 346 535 1116 1117 1118 1119 1120 1121 1122 1123 1124 1125 1126 1127 1128:349:12 5 3 20 14 24 40 21 7 8 24 12 12 27 10 40 8 9 16 9 28:0.7 0.7 0.6 0.5 0.9 0.9 0.7 0.8 0.8 0.7 0.7 0.9 0.8 0.6 0.5 0.8 0.9 0.8 0.8 0.5 0.5
39 41 48 75 1000 1129 1130:111:6 21 10 8 18 12 36:0.5 0.6 0.6 0.7 0.9 0.8 0.7
32 612 976 1013 1131 1132 1133 1134 1135 1136 1137 1138:298:27 2 64 45 7 70 4 20 30 18 8 3:0.7 0.9 0.5 0.5 0.5 0.6 0.7 0.8 0.5 0.7 0.5 0.9
39 249 1139 1140 1141 1142 1143 1144:128:7 30 15 12 32 14 12 6:0.9 0.5 0.9 0.7 0.5 0.6 0.9 0.5
0 39 48:57:30 7 20:0.8 0.8 0.8
38 370:31:16 15:0.5 0.6
39 48 155 721 766 1062 1145:113:8 8 9 3 2 3 80:0.5 0.7 0.8 0.7 0.6 0.5 0.9
32 38 39 41 48 63 110 548 1146 1147:76:9 12 3 3 20 6 6 4 12 1:0.7 0.7 0.5 0.7 0.7 0.8 0.6 0.6 0.7 0.6
36 38 39 41 48 55 332 441 561 740 796 797 809 885 910 956 1148 1149 1150 1151 1152 1153 1154 1155 1156 1157 1158:544:72 10 10 12 12 2 6 9 6 2 28 6 49 21 30 6 21 45 6 8 21 5 3 4 84 3 63:0.5 0.9 0.6 0.9 0.6 0.7 0.6 0.9 0.6 0.8 0.8 0.8 0.7 0.9 0.5 0.6 0.8 0.8 0.9 0.9 0.6 0.8 0.7 0.8 0.7 0.5 0.6
36 38 48 255 859 1159 1160 1161:154:72 4 4 28 8 24 6 8:0.9 0.8 0.9 0.6 0.8 0.7 0.7 0.8
39 48 1003 1162 1163 1164:77:2 4 20 5 30 16:0.9 0.9 0.8 0.7 0.5 0.6
39 48 1165 1166 1167:37:1 16 3 8 9:0.5 0.7 0.7 0.9 0.6
20 1168 1169 1170 1171:42:1 7 18 12 4:0.9 0.9 0.6 0.7 0.5
38 39 41 48 105 1172 1173:68:16 5 21 2 2 8 14:0.7 0.5 0.5 0.9 0.6 0.7 0.9
32 39:39:30 9:0.9 0.7
48 251 694 809 1144 1174 1175 1176 1177 1178 1179 1180:242:16 6 12 70 1 21 18 8 30 10 40 10:0.9 0.7 0.6 0.9 0.7 0.7 0.7 0.6 0.9 0.9 0.5 0.6
48 766 781 996 1181 1182 1183:120:14 7 6 18 9 6 60:0.9 0.8 0.9 0.7 0.6 0.9 0.7
39 48 237 493 676 952 1145 1184 1185:221:5 2 5 40 32 27 48 60 2:0.6 0.6 0.5 0.7 0.7 0.8 0.8 0.8 0.9
39 48 192 1186:54:4 20 6 24:0.9 0.6 0.8 0.9
28 38 39 41 161 978 1187 1188 1189 1190:180:10 16 10 6 18 48 60 4 4 4:0.6 0.7 0.9 0.9 0.6 0.6 0.5 0.7 0.7 0.6
39 48 123 220 475 677 1191 1192 1193 1194:142:8 12 40 12 12 1 12 15 12 18:0.8 0.6 0.8 0.7 0.9 0.5 0.7 0.7 0.9 0.6
1190:8:8:0.6
39 48 730 987 1195 1196:85:9 4 30 18 12 12:0.8 0.6 0.7 0.9 0.5 0.9
39 1197:21:1 20:0.6 0.5
65 201 266 341 433 522 694 866 1198 1199 1200 1201 1202 1203 1204 1205 1206 1207:389:20 8 35 30 32 28 20 35 16 1 18 16 15 28 30 18 15 24:0.7 0.8 0.9 0.8 0.7 0.7 0.6 0.7 0.8 0.6 0.6 0.8 0.5 0.5 0.6 0.8 0.5 0.7
68 261 628 1208 1209 1210:70:14 14 8 12 10 12:0.5 0.6 0.7 0.8 0.6 0.7
32 38 41 110 597 1211 1212 1213 1214:140:3 6 27 2 18 72 2 4 6:0.5 0.5 0.5 0.9 0.6 0.5 0.8 0.5 0.8
23 39 48 101 255 604 814 1031 1215 1216 1217 1218 1219:206:6 3 6 2 16 70 5 30 8 18 4 10 28:0.7 0.6 0.6 0.5 0.5 0.9 0.8 0.6 0.9 0.8 0.9 0.5 0.6
1220 1221:118:70 48:0.6 0.8
187 208 270 1051 1206 1222 1223 1224 1225 1226 1227 1228:161:63 3 4 2 18 3 8 27 12 12 4 5:0.8 0.9 0.7 0.5 0.8 0.5 0.8 0.7 0.6 0.7 0.5 0.8
38 39 41 48 357 397 533 661 674 790 993 1067 1082 1155 1229 1230 1231 1232 1233 1234 1235 1236 1237 1238 1239 1240 1241 1242 1243 1244 1245 1246 1247:594:2 9 21 4 50 36 6 9 6 60 42 18 15 5 6 6 70 6 48 3 9 3 3 4 3 9 9 2 16 12 10 42 50:0.9 0.7 0.5 0.5 0.6 0.6 0.6 0.9 0.5 0.6 0.5 0.5 0.6 0.5 0.7 0.7 0.6 0.8 0.7 0.9 0.5 0.6 0.8 0.7 0.6 0.6 0.6 0.7 0.7 0.9 0.8 0.9 0.6
32 39 43 48 67 117 132 441 475 550 665 789 1248 1249 1250 1251:244:6 2 10 14 5 15 18 5 12 24 9 8 30 36 36 14:0.9 0.7 0.8 0.5 0.5 0.6 0.9 0.6 0.8 0.6 0.8 0.7 0.7 0.5 0.6 0.5
38 170:28:4 24:0.7 0.8
39 48 677 775 834 1160 1180 1252 1253 1254 1255 1256 1257 1258 1259 1260:262:6 4 2 2 21 4 14 40 7 30 4 14 35 10 42 27:0.7 0.9 0.8 0.5 0.8 0.5 0.6 0.6 0.8 0.5 0.8 0.9 0.8 0.7 0.7 0.6
649 825 1261 1262 1263 1264 1265:140:6 12 18 32 30 28 14:0.9 0.7 0.8 0.9 0.9 0.5 0.6
39 1266 1267:45:6 3 36:0.9 0.7 0.7
39 41 48 1268 1269 1270 1271 1272 1273:134:3 12 14 14 25 30 27 3 6:0.7 0.9 0.7 0.6 0.7 0.7 0.6 0.9 0.5
39 48 60 200 208 676 713 952 1274 1275 1276:131:7 12 10 1 27 12 24 18 2 16 2:0.8 0.6 0.6 0.8 0.6 0.9 0.7 0.9 0.8 0.9 0.5
36 38 41 338 340 565 668 1277 1278 1279 1280 1281 1282 1283 1284:320:80 18 30 40 4 49 1 9 8 3 12 30 4 18 14:0.5 0.7 0.7 0.9 0.7 0.9 0.6 0.8 0.8 0.6 0.6 0.7 0.6 0.6 0.8
39 48 1153 1154 1285:73:4 16 10 27 16:0.5 0.7 0.6 0.6 0.7
48 151 152 189 255 525 938 1012 1286 1287 1288 1289 1290 1291:315:20 20 20 6 36 12 15 5 12 36 8 35 36 54:0.5 0.6 0.8 0.8 0.7 0.5 0.6 0.9 0.8 0.7 0.6 0.5 0.5 0.7
39 41 48:35:5 18 12:0.5 0.6 0.5
38 39 41 48 110 271 1146 1292:103:6 10 30 4 9 18 24 2:0.8 0.5 0.6 0.7 0.7 0.6 0.7 0.5
48 1293 1294:38:18 12 8:0.8 0.8 0.9
737 1295 1296:51:18 9 24:0.8 0.7 0.5
39 48 393 824 1297 1298 1299 1300 1301 1302 1303 1304 1305 1306 1307:269:8 12 18 6 18 3 18 4 4 12 30 18 6 48 64:0.8 0.5 0.6 0.6 0.5 0.9 0.9 0.8 0.6 0.9 0.5 0.9 0.7 0.6 0.7
475 830 1274 1308:65:6 21 8 30:0.8 0.9 0.6 0.6
37 38 39 41 48 76 445 558 587 739 973 1309 1310 1311 1312 1313 1314 1315:269:18 14 5 21 18 4 2 2 10 10 7 21 4 72 18 21 14 8:0.9 0.8 0.9 0.6 0.8 0.7 0.9 0.8 0.5 0.6 0.5 0.8 0.7 0.6 0.8 0.6 0.6 0.5
39 48 49 98 123 237 285 475 875 1018 1135 1316 1317 1318 1319 1320 1321 1322 1323 1324 1325 1326 1327 1328:427:5 2 45 9 20 8 21 12 2 28 3 30 2 21 12 18 50 8 42 8 16 42 8 15:0.6 0.9 0.9 0.6 0.8 0.7 0.9 0.6 0.9 0.9 0.5 0.6 0.6 0.6 0.7 0.5 0.9 0.6 0.8 0.7 0.9 0.6 0.6 0.7
1329 1330:44:2 42:0.8 0.8
32 185 691 890 1331 1332 1333:131:12 6 18 30 27 6 32:0.8 0.9 0.5 0.5 0.5 0.8 0.9
41 48 123 222 255 1334 1335 1336 1337 1338 1339 1340 1341 1342 1343:350:12 10 45 10 28 6 27 10 54 35 10 6 40 45 12:0.9 0.7 0.7 0.6 0.8 0.8 0.7 0.6 0.5 0.8 0.5 0.5 0.7 0.8 0.9
39 48 479 1344 1345:94:2 20 1 70 1:0.7 0.6 0.9 0.7 0.7
41 48 123 255 413 425 586 622 727 789 1049 1343 1346 1347 1348 1349 1350 1351 1352:417:24 18 50 40 42 72 15 48 12 12 6 32 4 18 2 1 3 9 9:0.9 0.9 0.5 0.9 0.8 0.9 0.8 0.7 0.5 0.6 0.7 0.5 0.7 0.9 0.9 0.6 0.7 0.6 0.6
39 48 1173 1353:21:1 12 2 6:0.9 0.9 0.8 0.8
38 110 1180 1354 1355:54:12 3 16 8 15:0.5 0.8 0.8 0.9 0.9
39 41 95 101 308 309 374 433 685 741 743 753 860 898 979 998 1079 1080 1153 1154 1269 1356 1357 1358 1359 1360 1361 1362 1363 1364 1365 1366 1367 1368 1369 1370 1371 1372 1373 1374 1375 1376 1377 1378 1379 1380 1381 1382 1383 1384 1385 1386:907:5 15 18 18 8 3 54 20 4 35 15 9 3 30 20 60 32 12 4 27 10 15 10 8 2 3 1 12 6 6 27 12 6 70 24 9 5 3 18 36 8 10 18 6 2 48 10 12 35 45 2 36:0.7 0.9 0.9 0.6 0.8 0.5 0.5 0.9 0.7 0.7 0.9 0.5 0.7 0.9 0.5 0.9 0.6 0.6 0.9 0.8 0.5 0.5 0.9 0.7 0.9 0.5 0.8 0.7 0.8 0.9 0.9 0.9 0.7 0.9 0.7 0.8 0.9 0.9 0.7 0.8 0.6 0.6 0.5 0.8 0.5 0.8 0.5 0.7 0.9 0.8 0.8 0.8
39 48 334 740 987 1042 1387 1388 1389 1390 1391:144:5 4 5 12 12 5 18 40 15 8 20:0.6 0.9 0.7 0.5 0.8 0.7 0.5 0.9 0.6 0.7 0.6
38 39 170 842:52:10 6 20 16:0.5 0.6 0.6 0.7
38 39 48 286 1063 1392:78:6 4 20 24 12 12:0.6 0.9 0.5 0.5 0.5 0.9
39 1368 1393 1394:96:6 56 28 6:0.8 0.5 0.9 0.9
38 48 170 1395:49:8 16 24 1:0.9 0.9 0.7 0.5
39 751:10:8 2:0.7 0.6
39 48 729 759 880 1236 1396 1397 1398 1399 1400 1401 1402:147:2 4 2 36 27 10 21 6 10 1 12 12 4:0.7 0.6 0.7 0.5 0.8 0.5 0.6 0.5 0.9 0.5 0.9 0.7 0.5
20 58 101 364 399 522 549 824 837 846 1004 1403 1404 1405 1406 1407 1408:317:6 2 6 20 40 4 6 5 2 14 14 3 90 21 32 50 2:0.7 0.7 0.9 0.5 0.6 0.8 0.9 0.8 0.7 0.8 0.7 0.6 0.6 0.5 0.9 0.9 0.5
749 1409:42:18 24:0.5 0.7
36 38 41 255 264 1410 1411:222:56 18 9 40 24 30 45:0.5 0.8 0.9 0.7 0.5 0.7 0.8
39 48 1412 1413 1414:49:3 4 6 16 20:0.8 0.5 0.7 0.5 0.5
39 521 622:36:8 16 12:0.7 0.9 0.6
67 68 69 604 720 1415 1416 1417 1418 1419 1420:232:2 8 36 49 40 10 12 12 18 9 36:0.5 0.8 0.5 0.5 0.7 0.7 0.5 0.7 0.6 0.8 0.6
38 39 41 48 101 170 475 714 856 1318 1421 1422 1423 1424 1425 1426:333:10 8 15 14 6 8 18 35 9 70 25 24 10 16 63 2:0.9 0.7 0.7 0.6 0.5 0.9 0.5 0.6 0.6 0.6 0.8 0.8 0.6 0.6 0.6 0.6
39 248 584 1043 1281 1427 1428 1429 1430 1431 1432:132:9 4 10 24 21 6 24 8 4 20 2:0.9 0.6 0.6 0.8 0.9 0.5 0.7 0.8 0.8 0.5 0.6
39 48 95 195 208 213 809 1216 1433 1434 1435:181:2 8 14 14 6 2 21 30 45 27 12:0.8 0.7 0.5 0.8 0.9 0.8 0.5 0.7 0.7 0.6 0.6
1436 1437 1438:34:12 16 6:0.8 0.8 0.5
39 264 464 616 750 973 1439 1440:166:4 42 12 10 28 49 16 5:0.5 0.9 0.7 0.7 0.6 0.7 0.5 0.9
62 300 1441:38:18 6 14:0.9 0.8 0.9
39 41 48 739 824 1442 1443:105:7 9 20 6 6 49 8:0.8 0.8 0.5 0.7 0.7 0.8 0.5
39 48 188 1444 1445 1446:58:4 18 20 8 2 6:0.7 0.5 0.7 0.6 0.8 0.5
39 45 48 89 334:43:7 10 16 5 5:0.8 0.8 0.6 0.8 0.9
301 883 1447 1448 1449 1450 1451 1452:204:49 50 14 24 1 9 27 30:0.8 0.7 0.6 0.5 0.5 0.9 0.8 0.5
39 334 1279:13:7 2 4:0.7 0.9 0.9
5 200 432 535 581 861 1387 1453 1454 1455 1456 1457 1458 1459 1460 1461 1462:261:8 8 6 27 20 8 15 12 5 80 20 12 5 30 2 1 2:0.6 0.8 0.8 0.8 0.5 0.6 0.7 0.8 0.9 0.8 0.5 0.6 0.9 0.7 0.6 0.7 0.8
38 39 290 840 859 1463 1464:104:20 3 20 10 8 3 40:0.9 0.5 0.7 0.6 0.9 0.8 0.9
10 39 48 49 1004 1142 1258 1465 1466 1467 1468 1469 1470:145:18 2 4 5 8 18 2 36 2 15 3 27 5:0.5 0.8 0.8 0.6 0.5 0.6 0.8 0.9 0.8 0.7 0.9 0.9 0.9
32 39 41 48 301 310 604 719 1082 1277 1471 1472 1473 1474 1475 1476 1477 1478 1479 1480 1481:332:3 4 15 10 70 2 42 9 30 5 10 5 3 5 24 16 8 15 24 12 20:0.5 0.6 0.6 0.9 0.9 0.5 0.5 0.8 0.7 0.7 0.6 0.7 0.7 0.8 0.9 0.9 0.8 0.6 0.5 0.7 0.6
36 38 39 270 1129:126:72 6 4 12 32:0.6 0.7 0.5 0.9 0.7
39 41 184 204 1387 1465 1482 1483 1484 1485 1486:196:7 9 27 10 6 8 50 3 16 54 6:0.9 0.7 0.5 0.8 0.6 0.7 0.6 0.7 0.8 0.7 0.8
1487:4:4:0.5
38 39 60 371 1488:82:4 1 35 2 40:0.6 0.6 0.6 0.5 0.5
36 38 48 381 1489 1490:89:24 18 16 10 7 14:0.5 0.5 0.5 0.6 0.8 0.7
39 41 48 381 1491:60:10 6 16 8 20:0.8 0.8 0.7 0.5 0.8
39 48 269 1163 1446 1492 1493 1494 1495 1496 1497 1498:189:1 14 21 3 3 6 4 18 6 30 81 2:0.7 0.6 0.9 0.7 0.7 0.9 0.8 0.8 0.9 0.5 0.6 0.7
39 332 1499 1500 1501:66:1 3 40 18 4:0.5 0.7 0.5 0.8 0.6
48:18:18:0.7
39 41 248 673 1191 1502:54:2 12 4 18 14 4:0.5 0.6 0.7 0.7 0.9 0.9
32 136 548 549 1503:74:15 3 20 6 30:0.8 0.8 0.8 0.9 0.9
39 302 1166 1191 1330 1504:102:2 16 6 4 54 20:0.5 0.5 0.5 0.9 0.5 0.9
39 48 49 1505 1506 1507 1508:119:6 14 30 21 20 10 18:0.5 0.9 0.6 0.9 0.8 0.8 0.9
30 39 41 48 593 1235 1509 1510 1511 1512 1513 1514 1515 1516 1517:254:12 6 9 6 28 27 27 24 15 4 28 9 40 4 15:0.8 0.7 0.5 0.8 0.8 0.5 0.8 0.8 0.8 0.7 0.8 0.6 0.5 0.9 0.5
38 39 48 49 56 334 740 1402 1518 1519 1520:203:18 10 4 30 40 6 14 20 16 18 27:0.5 0.6 0.8 0.5 0.8 0.8 0.7 0.9 0.6 0.6 0.8
1521:12:12:0.5
48 1522 1523 1524:73:6 36 3 28:0.9 0.9 0.7 0.9
38 48 67 68 76 504 612 789 1525 1526:112:2 14 2 16 10 9 2 24 12 21:0.8 0.6 0.5 0.7 0.9 0.8 0.6 0.6 0.5 0.6
39 195 1140 1527:27:6 6 6 9:0.6 0.8 0.6 0.5
38 170 1528 1529:31:2 8 3 18:0.8 0.6 0.7 0.6
39 48 264 423 1004 1104 1530:88:9 20 36 5 2 8 8:0.8 0.5 0.8 0.9 0.9 0.8 0.7
32 39 1531 1532:69:30 4 32 3:0.7 0.6 0.8 0.5
717:80:80:0.5
39 48 174 441 801 1533 1534 1535 1536:114:1 6 50 8 12 16 9 4 8:0.5 0.8 0.6 0.9 0.6 0.8 0.6 0.6 0.8
156 161 310 932 1537 1538:107:8 8 16 10 40 25:0.8 0.9 0.7 0.8 0.8 0.5
39 48 714 1307 1436 1530 1539 1540 1541 1542 1543:166:7 10 20 72 18 1 6 8 4 16 4:0.8 0.8 0.9 0.7 0.6 0.6 0.5 0.5 0.7 0.9 0.9
9 38 39 48 65 155 170 408 420 479 589 778 824 1062 1267 1342 1433 1544 1545 1546 1547 1548 1549 1550 1551:502:56 6 2 4 8 7 20 8 45 7 12 16 8 8 42 25 40 6 15 35 54 30 9 25 14:0.7 0.9 0.8 0.5 0.9 0.8 0.7 0.8 0.9 0.8 0.9 0.6 0.9 0.6 0.9 0.7 0.9 0.6 0.6 0.9 0.6 0.8 0.6 0.6 0.5
1552:30:30:0.8
39:6:6:0.7
39 48 49 1553:51:2 4 35 10:0.5 0.8 0.8 0.8
39 41 331 1554 1555 1556 1557:139:7 18 9 45 12 40 8:0.6 0.8 0.8 0.5 0.5 0.5 0.6
39 48 242:39:7 16 16:0.8 0.9 0.5
101 289 522 525 758 778 824 1558 1559 1560:151:12 10 8 40 1 28 4 10 18 20:0.8 0.6 0.6 0.8 0.7 0.8 0.6 0.9 0.5 0.7
101 378 669 794 824 1561 1562:147:4 36 36 12 1 50 8:0.7 0.6 0.9 0.6 0.8 0.8 0.7
32 39 48 141 381 910 1135 1174 1344 1563 1564 1565 1566 1567:251:30 9 2 3 6 24 24 30 14 48 15 4 28 14:0.9 0.8 0.9 0.7 0.8 0.6 0.8 0.9 0.7 0.9 0.9 0.9 0.9 0.5
39 793 915 1568:83:1 16 18 48:0.8 0.7 0.7 0.8
39 41 94 198 340 548 677 1347 1569 1570 1571 1572 1573 1574 1575 1576 1577:248:2 27 16 6 10 4 9 6 9 3 12 42 40 10 4 30 18:0.6 0.6 0.8 0.5 0.5 0.5 0.7 0.8 0.8 0.8 0.5 0.5 0.7 0.8 0.5 0.5 0.6
39 185 261 1291 1578:120:5 6 12 72 25:0.7 0.5 0.6 0.6 0.6
32 39 41 48 425 533 592 723 749 1313 1322 1579 1580 1581 1582 1583 1584 1585 1586 1587 1588 1589:378:9 9 27 6 64 3 18 12 16 12 4 4 40 27 6 10 35 5 18 5 24 24:0.9 0.7 0.8 0.6 0.7 0.7 0.8 0.5 0.9 0.8 0.5 0.5 0.5 0.8 0.9 0.6 0.9 0.6 0.7 0.9 0.5 0.7
36 38 39 41 89 288 384 479 535 611 966 1590 1591 1592 1593 1594 1595 1596 1597 1598 1599:405:72 16 5 18 1 30 4 6 21 4 48 12 18 12 7 24 24 5 18 24 36:0.5 0.9 0.8 0.6 0.6 0.8 0.9 0.9 0.9 0.5 0.5 0.8 0.5 0.5 0.5 0.6 0.6 0.5 0.8 0.8 0.9
38 41 48 170 825 904 1264 1600 1601 1602 1603 1604 1605 1606 1607 1608:334:18 21 12 28 2 35 7 35 2 12 18 56 12 48 18 10:0.8 0.6 0.5 0.8 0.8 0.9 0.7 0.8 0.5 0.9 0.8 0.8 0.8 0.9 0.6 0.7
38 39 41 110 170 1609 1610:78:10 6 24 8 8 4 18:0.7 0.5 0.5 0.8 0.8 0.7 0.5
48 1611 1612:16:8 6 2:0.9 0.9 0.9
38 39 371 1609 1613 1614:30:8 8 4 4 1 5:0.9 0.6 0.5 0.9 0.7 0.7
38 48 170:46:12 10 24:0.7 0.6 0.9
39 48 246 550 734 930 1146 1615 1616:132:7 6 30 36 8 3 12 6 24:0.7 0.5 0.9 0.5 0.5 0.7 0.6 0.8 0.8
39 41 255 259 340 396 535 974 986 1014 1135 1353 1617 1618 1619 1620 1621 1622 1623 1624 1625 1626 1627:435:6 3 40 24 12 4 9 72 24 9 24 2 40 40 27 10 36 1 24 15 3 7 3:0.6 0.9 0.9 0.7 0.5 0.6 0.8 0.8 0.6 0.5 0.5 0.9 0.6 0.5 0.5 0.7 0.9 0.9 0.9 0.5 0.9 0.5 0.9
39 41 48 60 155 182 246 535 589 1274 1319 1628 1629:242:9 27 2 30 9 28 27 24 16 10 18 12 30:0.6 0.7 0.5 0.6 0.9 0.5 0.9 0.7 0.6 0.8 0.7 0.8 0.8
36 38 39 48 1630 1631:111:80 10 4 10 5 2:0.9 0.9 0.8 0.6 0.5 0.8
39 48 49 96 543 639 677 812 924 1004 1144 1414 1593 1629 1632 1633 1634 1635 1636 1637 1638 1639 1640:325:8 12 35 36 8 8 8 14 18 10 1 20 2 40 27 6 10 2 6 30 20 1 3:0.7 0.6 0.7 0.8 0.7 0.5 0.6 0.9 0.7 0.8 0.6 0.7 0.7 0.6 0.5 0.5 0.9 0.7 0.8 0.8 0.8 0.5 0.9
1:27:27:0.8
39 326 361 665 1484 1641 1642 1643 1644 1645 1646 1647:121:7 3 1 18 18 6 24 20 2 10 6 6:0.8 0.8 0.9 0.5 0.7 0.5 0.8 0.7 0.6 0.7 0.8 0.7
39 48 237 1278 1648:55:1 16 4 14 20:0.8 0.7 0.7 0.8 0.7
39 41 1649:33:4 21 8:0.8 0.9 0.6
727 1650 1651 1652 1653 1654:159:20 3 24 27 45 40:0.9 0.8 0.9 0.5 0.9 0.5
38 39 41 48 89 110 495 592 1291 1655 1656:131:18 3 24 12 8 2 15 14 9 20 6:0.5 0.9 0.7 0.6 0.9 0.6 0.9 0.8 0.9 0.7 0.5
59 100 161 232 282 314 378 490 492 598 604 1024 1198 1211 1657 1658 1659 1660 1661 1662 1663 1664 1665 1666 1667 1668 1669:568:35 25 18 16 24 6 12 8 7 16 49 5 8 72 6 9 27 20 27 40 10 5 27 48 8 16 24:0.9 0.6 0.7 0.9 0.5 0.7 0.7 0.5 0.9 0.7 0.9 0.9 0.6 0.7 0.7 0.8 0.6 0.9 0.7 0.5 0.9 0.9 0.5 0.6 0.6 0.9 0.8
39 48 61 550 598 866 1670 1671:141:5 8 10 42 10 50 7 9:0.9 0.7 0.8 0.6 0.9 0.8 0.9 0.8
32 38 39 105 413 824 1363 1672 1673 1674 1675 1676 1677 1678 1679:274:9 14 5 6 36 5 12 21 30 7 12 18 50 40 9:0.5 0.8 0.5 0.8 0.6 0.5 0.9 0.8 0.8 0.5 0.6 0.6 0.8 0.5 0.8
39 48 648 1680 1681 1682 1683 1684 1685 1686:215:3 6 15 66 10 42 9 14 36 14:0.5 0.5 0.9 0.8 0.7 0.6 0.7 0.9 0.6 0.7
39 41 185 234 1474 1687 1688 1689 1690 1691 1692:138:3 18 2 8 10 20 18 21 10 27 1:0.9 0.8 0.5 0.6 0.9 0.8 0.7 0.9 0.9 0.9 0.6
39 297 522 544 1693 1694 1695 1696 1697 1698 1699:234:2 28 32 50 20 6 18 7 24 40 7:0.8 0.7 0.7 0.6 0.5 0.6 0.6 0.9 0.7 0.8 0.5
32 36 38 39 740:121:12 80 18 9 2:0.9 0.5 0.6 0.9 0.5
38 39 41 48 89 155 161 604 767 790 821 968 1198 1233 1433 1700:316:6 9 6 16 9 1 12 21 20 60 35 18 36 18 40 9:0.8 0.8 0.5 0.6 0.9 0.5 0.7 0.8 0.8 0.6 0.5 0.6 0.6 0.5 0.9 0.7
60 101 260 345 418 423 544 640 1113 1121 1616 1701 1702 1703 1704:228:40 16 5 10 4 10 5 9 7 18 32 7 9 2 54:0.6 0.8 0.9 0.9 0.7 0.9 0.5 0.7 0.8 0.5 0.6 0.7 0.9 0.7 0.5
39 549 961 1232 1313 1705 1706:63:9 8 3 6 21 7 9:0.9 0.9 0.5 0.9 0.6 0.7 0.6
38 41 48 110 501 533 616 653 1105 1251 1557 1707 1708 1709 1710 1711 1712 1713 1714 1715 1716 1717:319:12 9 2 1 40 15 10 21 9 14 7 28 9 8 9 8 25 45 16 21 9 1:0.8 0.8 0.9 0.7 0.5 0.6 0.6 0.8 0.8 0.5 0.9 0.6 0.7 0.9 0.9 0.9 0.7 0.9 0.8 0.7 0.9 0.9
39 41 48 276 336 344 570 1130 1207 1465 1601 1718 1719 1720 1721 1722:296:9 24 10 14 63 3 7 28 15 32 9 20 28 20 6 8:0.8 0.8 0.7 0.8 0.9 0.5 0.7 0.9 0.9 0.7 0.8 0.9 0.9 0.9 0.6 0.9
32 39 48 299 1011 1723 1724:46:15 5 16 3 4 2 1:0.8 0.8 0.9 0.5 0.8 0.6 0.6
117 950 1725 1726:159:15 24 84 36:0.5 0.7 0.7 0.6
38 49 681 1232 1343 1727 1728:141:6 30 60 6 8 25 6:0.9 0.7 0.7 0.5 0.7 0.6 0.7
39 846 944 1198:36:4 2 18 12:0.9 0.7 0.6 0.7
32 48 862:42:6 16 20:0.6 0.9 0.7
103 1729 1730 1731:90:30 16 24 20:0.6 0.5 0.7 0.7
32 38 1590:58:30 4 24:0.7 0.9 0.8
32 38 39 41 170 271 740 1138 1696 1732:94:15 14 6 21 8 10 8 10 1 1:0.7 0.9 0.5 0.9 0.6 0.7 0.6 0.9 0.5 0.8
32 41 48 485 542 677 1274 1352 1733 1734 1735 1736 1737 1738 1739:222:6 6 16 5 24 8 16 9 25 30 15 40 14 1 7:0.8 0.6 0.7 0.8 0.7 0.5 0.9 0.7 0.5 0.6 0.8 0.5 0.5 0.7 0.6
38 39 41 110 903 978 1740 1741 1742:136:2 1 6 8 10 48 14 27 20:0.6 0.7 0.6 0.5 0.8 0.5 0.5 0.5 0.8
36 38 39 41 48 150 248 379 548 570 1214 1642 1743 1744 1745 1746 1747:265:32 18 2 18 14 4 10 54 18 5 10 9 2 8 30 28 3:0.9 0.5 0.6 0.6 0.5 0.9 0.6 0.8 0.7 0.8 0.6 0.5 0.5 0.7 0.8 0.6 0.7
161 384 670:60:16 20 24:0.6 0.7 0.8
39 41 48 677 1748 1749 1750:69:1 30 2 7 5 18 6:0.6 0.5 0.8 0.5 0.6 0.8 0.6
15 99 101 117 180 196 237 310 363 441 550 731 805 976 978 1070 1082 1112 1160 1233 1390 1456 1528 1657 1751 1752 1753 1754 1755 1756 1757 1758 1759 1760 1761 1762 1763 1764 1765 1766 1767 1768 1769:700:5 24 4 12 18 3 10 20 6 5 48 6 2 8 32 70 9 7 6 42 16 20 1 14 32 16 50 8 6 32 14 9 20 6 2 12 3 50 5 4 27 12 4:0.5 0.5 0.7 0.7 0.8 0.6 0.6 0.9 0.5 0.6 0.9 0.8 0.7 0.5 0.9 0.8 0.5 0.7 0.7 0.5 0.7 0.9 0.8 0.7 0.7 0.5 0.7 0.8 0.9 0.5 0.7 0.9 0.5 0.8 0.6 0.5 0.9 0.8 0.7 0.8 0.5 0.9 0.5
26 38 39 56 123 276 587 772 947 1517 1770 1771 1772 1773 1774 1775:451:15 4 1 45 50 70 10 21 36 21 10 70 24 4 64 6:0.7 0.6 0.8 0.9 0.7 0.6 0.6 0.6 0.9 0.8 0.8 0.6 0.9 0.7 0.6 0.9
39 48 220 592 677 1015 1776 1777 1778 1779 1780 1781 1782 1783:196:4 8 12 10 7 6 20 21 6 7 32 36 9 18:0.5 0.8 0.7 0.8 0.6 0.7 0.7 0.6 0.8 0.9 0.5 0.5 0.6 0.9
39 48 179 475 703 727 1631 1699 1770 1775 1784 1785 1786 1787 1788 1789:216:1 20 16 20 9 18 9 6 6 24 25 27 21 10 2 2:0.6 0.6 0.8 0.7 0.7 0.6 0.8 0.7 0.7 0.9 0.6 0.7 0.6 0.5 0.6 0.8
38 39 170 1790 1791 1792 1793:104:14 5 12 50 8 3 12:0.5 0.7 0.7 0.5 0.5 0.8 0.8
39 48 155 206 535 1764 1794 1795:115:2 14 9 16 9 25 4 36:0.7 0.6 0.7 0.6 0.8 0.5 0.8 0.7
39 48 1796 1797:39:2 20 5 12:0.7 0.6 0.7 0.7
38 105 1798:41:20 20 1:0.9 0.6 0.6
38 371 1799 1800:62:14 10 2 36:0.5 0.9 0.6 0.7
39 195 255 789 1002 1528 1690 1758 1801 1802 1803 1804 1805 1806 1807:160:3 16 12 28 9 6 10 2 10 30 1 12 14 4 3:0.6 0.9 0.9 0.7 0.7 0.5 0.9 0.8 0.8 0.5 0.9 0.9 0.5 0.9 0.9
39 41 48 251 958 1808 1809 1810 1811:94:3 12 14 8 4 6 18 9 20:0.5 0.7 0.6 0.7 0.9 0.7 0.6 0.8 0.7
41 48 361 458 689 1105 1812 1813 1814 1815:126:24 20 9 36 8 4 6 4 9 6:0.6 0.7 0.6 0.6 0.6 0.6 0.5 0.6 0.6 0.7
39 123 397 414 930 1361 1816 1817 1818 1819 1820 1821 1822 1823 1824:196:4 5 20 56 10 8 10 9 2 18 12 2 8 12 20:0.7 0.6 0.6 0.8 0.6 0.8 0.7 0.9 0.6 0.8 0.8 0.6 0.8 0.7 0.6
38 48 110 201 1688:70:16 12 6 12 24:0.6 0.8 0.6 0.8 0.6
38 48 371 414 835 878 1825 1826 1827 1828 1829:192:2 12 18 21 15 36 27 18 32 3 8:0.9 0.8 0.7 0.8 0.7 0.9 0.9 0.6 0.6 0.5 0.9
48 896 1830 1831 1832:58:14 10 27 4 3:0.8 0.9 0.9 0.6 0.5
39:6:6:0.9
48 249 1435 1833 1834 1835:51:6 10 12 6 8 9:0.6 0.5 0.8 0.6 0.6 0.7
38 39 41 48 170 266 357 438 915 1280 1836 1837 1838 1839 1840 1841 1842 1843 1844:326:14 6 12 6 40 20 20 6 16 30 24 6 18 42 9 15 18 18 6:0.9 0.9 0.9 0.5 0.9 0.9 0.7 0.6 0.9 0.9 0.8 0.7 0.6 0.8 0.8 0.5 0.8 0.7 0.8
39 89 201 359 572 978 1393 1435 1845 1846 1847:254:2 10 12 6 14 80 24 14 56 6 30:0.6 0.5 0.5 0.5 0.8 0.6 0.8 0.8 0.5 0.5 0.9
32 39 41 208 503 587 835 1411 1541 1657 1848 1849 1850 1851 1852 1853:235:24 9 3 24 15 2 30 5 3 12 9 27 1 12 54 5:0.8 0.8 0.9 0.8 0.6 0.6 0.7 0.9 0.5 0.8 0.9 0.7 0.7 0.7 0.9 0.8
25 39 48 91 150 237 359 549 571 616 807 831 878 885 961 1090 1291 1598 1854 1855 1856 1857 1858 1859:388:24 3 2 6 5 3 5 14 8 16 24 8 24 6 18 42 45 30 35 20 36 4 5 5:0.9 0.6 0.5 0.6 0.8 0.8 0.8 0.9 0.5 0.8 0.5 0.7 0.7 0.6 0.7 0.6 0.6 0.8 0.5 0.6 0.5 0.7 0.6 0.8
39 740 1010 1860 1861:92:10 10 3 49 20:0.5 0.6 0.7 0.9 0.5
1862 1863:27:9 18:0.5 0.7
39 48 89 430 824 1864 1865 1866 1867:129:10 18 4 36 9 7 24 14 7:0.6 0.5 0.7 0.8 0.5 0.5 0.6 0.5 0.6
32 41 48 65 66 313 338 475 661 1336 1344 1868 1869 1870 1871 1872:219:12 12 20 20 12 8 45 6 15 4 14 21 9 16 1 4:0.8 0.6 0.7 0.6 0.7 0.6 0.8 0.8 0.6 0.6 0.9 0.9 0.8 0.5 0.6 0.5
237 794 892 1475 1700 1873 1874 1875 1876 1877:118:5 18 28 27 5 9 9 4 9 4:0.8 0.6 0.6 0.6 0.9 0.8 0.8 0.6 0.6 0.8
39 41 65 612 808 956 1878 1879 1880 1881 1882:138:6 6 2 5 3 24 9 6 9 48 20:0.9 0.7 0.6 0.9 0.9 0.8 0.7 0.6 0.9 0.8 0.5
38 55 979 1883 1884 1885 1886 1887:109:2 14 36 12 1 18 6 20:0.7 0.6 0.6 0.7 0.6 0.9 0.7 0.8
39 249 1360 1888 1889 1890:90:10 5 8 15 16 36:0.6 0.5 0.8 0.8 0.5 0.7
39 48 303:35:4 10 21:0.9 0.8 0.5
352 1108:62:8 54:0.6 0.8
1891:4:4:0.8
38 39 41 396 548 1590 1872:36:4 1 3 8 4 12 4:0.7 0.6 0.7 0.9 0.5 0.9 0.6
39 939:9:3 6:0.5 0.9
38 39 41 45 48 89 101 170 237 384 592 809 1000 1239 1327 1436 1552:224:4 2 21 35 6 9 16 16 7 8 20 14 8 3 12 16 27:0.9 0.7 0.6 0.5 0.8 0.7 0.5 0.8 0.9 0.5 0.9 0.8 0.8 0.5 0.7 0.7 0.8
32 38 39 41 809 885 1727:72:6 18 1 27 7 3 10:0.8 0.9 0.5 0.6 0.9 0.9 0.6
32 39 48 750 909 1672 1892 1893 1894:139:15 6 8 16 40 24 2 10 18:0.8 0.9 0.9 0.7 0.9 0.9 0.8 0.8 0.8
39 48 54 78 89 101 544 586 785 1068 1880 1895:206:7 14 32 50 6 18 5 21 12 28 7 6:0.7 0.7 0.9 0.5 0.7 0.5 0.8 0.7 0.7 0.9 0.5 0.8
350 599 1896:43:12 7 24:0.9 0.8 0.9
89 1897 1898:15:3 10 2:0.9 0.5 0.8
39 96 284 1372 1899 1900 1901 1902 1903:162:8 54 12 5 1 9 18 20 35:0.9 0.9 0.7 0.6 0.7 0.9 0.5 0.9 0.7
39 48 1814 1904:39:9 12 3 15:0.5 0.9 0.9 0.5
38 39 41 48 65 71 89 249 359 365 489 571 741 805 1103 1428 1481 1513 1576 1578 1831 1905 1906 1907 1908 1909 1910 1911 1912 1913 1914 1915 1916:671:14 7 21 2 10 18 8 30 8 20 32 14 25 20 4 3 20 70 60 40 1 15 8 2 18 24 40 14 6 56 7 42 12:0.8 0.7 0.8 0.7 0.8 0.8 0.9 0.7 0.5 0.9 0.7 0.5 0.9 0.7 0.7 0.7 0.9 0.9 0.8 0.9 0.5 0.5 0.9 0.9 0.9 0.8 0.8 0.6 0.6 0.8 0.6 0.8 0.9
216 1917:21:16 5:0.8 0.8
32 39 41 48 107 136 340 436 447 576 833 1105 1135 1481 1498 1918 1919 1920 1921 1922 1923:326:24 4 3 8 20 21 10 40 16 3 7 8 12 16 10 24 3 8 50 14 25:0.8 0.9 0.5 0.5 0.6 0.7 0.8 0.9 0.6 0.5 0.9 0.6 0.7 0.5 0.6 0.6 0.6 0.8 0.9 0.8 0.7
48 1924 1925 1926 1927:116:8 63 8 10 27:0.6 0.6 0.6 0.6 0.8
38 39 41 48 110 800 941:85:14 10 12 2 10 32 5:0.5 0.9 0.7 0.8 0.5 0.5 0.6
1 48 864 1194 1432 1928:55:15 10 14 6 7 3:0.7 0.9 0.7 0.5 0.5 0.5
805 991 1000 1417 1600 1929 1930 1931 1932 1933:210:18 21 8 20 50 14 21 20 6 32:0.6 0.9 0.5 0.9 0.8 0.5 0.7 0.5 0.9 0.8
27 41 269 379 1591 1934:146:21 18 27 60 8 12:0.9 0.9 0.5 0.9 0.9 0.9
39 48 255 310 581 639 713 1935 1936 1937 1938:131:3 4 16 14 6 16 42 4 8 14 4:0.6 0.6 0.9 0.7 0.9 0.5 0.7 0.8 0.9 0.6 0.6
39 41 48:28:7 3 18:0.8 0.5 0.5
39 48 116 439 989 1939:72:5 16 12 10 20 9:0.8 0.6 0.7 0.5 0.9 0.9
1940 1941:72:30 42:0.5 0.9
38 371 498 518 950 1011 1714 1792 1922 1942 1943 1944 1945 1946:325:18 20 24 14 80 6 40 3 4 50 9 10 27 20:0.8 0.9 0.6 0.5 0.9 0.5 0.5 0.5 0.9 0.5 0.7 0.8 0.6 0.7
39 89 703 903 968 1233 1435 1947:158:5 7 6 30 54 12 20 24:0.8 0.6 0.8 0.8 0.9 0.5 0.9 0.5
310 1666 1736 1948 1949 1950:142:4 30 40 1 4 63:0.6 0.9 0.6 0.7 0.9 0.8
39 41 1951:23:9 12 2:0.6 0.6 0.9
33 39 48 65 78 255 574 1952 1953 1954 1955 1956:201:2 1 14 10 10 8 20 4 12 12 99 9:0.9 0.7 0.5 0.9 0.7 0.9 0.8 0.6 0.8 0.8 0.7 0.5
1227 1611 1957 1958 1959:113:36 10 12 10 45:0.7 0.9 0.6 0.6 0.7
32 39 1745 1960 1961:58:9 7 10 12 20:0.8 0.5 0.8 0.7 0.8
32 39 152:25:9 8 8:0.9 0.6 0.6
39 1962:25:1 24:0.7 0.7
38 39 48 323 371 1963 1964:63:18 9 10 4 6 10 6:0.8 0.7 0.6 0.9 0.7 0.6 0.6
39 734 1965:64:1 56 7:0.8 0.5 0.9
39 48 761 1591 1966:49:10 6 16 12 5:0.6 0.8 0.7 0.5 0.5
32 48 62 1135 1272 1967 1968 1969 1970 1971 1972:124:12 4 14 30 5 10 12 7 20 6 4:0.9 0.6 0.6 0.6 0.9 0.7 0.8 0.5 0.5 0.8 0.9
32 39 41 271 421 1973:91:24 1 21 6 27 12:0.5 0.5 0.5 0.9 0.6 0.9
37 38 41 89 184 341 669 1974 1975:117:9 20 12 6 6 18 8 30 8:0.6 0.7 0.8 0.7 0.6 0.6 0.9 0.5 0.7
237 1476 1612 1976 1977 1978:70:10 40 10 2 6 2:0.6 0.7 0.6 0.8 0.9 0.8
824 1192 1642 1979 1980:64:5 12 24 20 3:0.8 0.9 0.6 0.9 0.7
39 107 108 340 464 570 612 856 1979 1980 1981 1982 1983:258:8 12 30 6 30 8 9 9 40 12 40 30 24:0.9 0.9 0.8 0.5 0.9 0.6 0.6 0.7 0.7 0.9 0.9 0.7 0.7
32 1984 1985:123:18 63 42:0.9 0.9 0.7
39 48 612 1578:61:9 10 2 40:0.8 0.8 0.8 0.6
39 41:9:3 6:0.5 0.6
48 78 438:63:10 35 18:0.6 0.6 0.7
39 499:7:5 2:0.8 0.6
38 170 200 963 1986 1987:70:20 20 2 6 12 10:0.9 0.6 0.7 0.8 0.5 0.7
255:12:12:0.7
242 1988 1989:61:20 16 25:0.7 0.7 0.5
39 48 431 549 993 1488:162:4 18 18 12 70 40:0.5 0.6 0.5 0.8 0.9 0.8
39 89 979 1140 1547 1990 1991:111:10 8 28 18 12 27 8:0.9 0.8 0.5 0.8 0.9 0.8 0.8
39 488 548 1196 1440 1992 1993 1994 1995 1996 1997 1998:148:8 28 8 8 7 18 5 4 18 18 14 12:0.8 0.5 0.6 0.8 0.8 0.9 0.5 0.6 0.8 0.5 0.7 0.7
32 39 48 334 363 589 604 637 1051 1999 2000 2001 2002:138:21 3 2 10 14 2 35 2 4 12 1 24 8:0.5 0.5 0.9 0.7 0.5 0.6 0.9 0.9 0.7 0.5 0.9 0.6 0.7
39 48:18:2 16:0.6 0.6
1198:8:8:0.7
381 846 2003 2004 2005:121:2 12 1 50 56:0.8 0.7 0.6 0.6 0.5
48 865 1809 2006:68:20 10 30 8:0.7 0.8 0.6 0.8
39 41 48 259 269 564 611 1135 1347 1710 1853 1969 2007 2008 2009 2010 2011 2012:263:5 12 6 30 12 18 8 6 30 1 6 5 27 24 28 16 20 9:0.6 0.7 0.8 0.6 0.8 0.9 0.5 0.6 0.8 0.9 0.5 0.5 0.7 0.7 0.9 0.9 0.8 0.6
32 205 570 968 2013:141:24 24 5 60 28:0.6 0.7 0.8 0.6 0.7
39 48 184 572 1094 1265 1585 2014 2015 2016 2017:157:5 20 15 8 1 14 5 12 40 2 35:0.8 0.8 0.6 0.8 0.6 0.7 0.6 0.6 0.9 0.8 0.9
38 39 110:24:12 10 2:0.9 0.8 0.8
32 37 38 39 41 89 903 1459 2018 2019 2020 2021 2022:216:30 6 12 5 21 7 25 48 10 9 30 1 12:0.8 0.7 0.9 0.8 0.9 0.7 0.5 0.5 0.6 0.8 0.8 0.8 0.9
36 38 117 450 550 1249:183:56 20 15 24 60 8:0.8 0.5 0.7 0.7 0.8 0.7
265 321 2023:55:14 6 35:0.7 0.9 0.5
38 39 170 740 866 898 1176 1185 2024 2025:235:14 6 24 16 35 12 56 12 56 4:0.8 0.8 0.7 0.9 0.9 0.8 0.9 0.8 0.5 0.8
38 117 123 170 340 550 976 1309 1876 2026 2027 2028 2029 2030 2031 2032 2033 2034:460:20 9 25 32 16 60 16 28 9 20 16 6 18 60 40 60 1 24:0.9 0.9 0.9 0.6 0.8 0.6 0.5 0.6 0.8 0.6 0.5 0.7 0.7 0.5 0.7 0.6 0.9 0.7
32 41 178 441 511:51:24 15 6 5 1:0.5 0.6 0.7 0.8 0.5
37 38 39 766 1178 1438 1588 1696 2035 2036 2037 2038 2039 2040 2041 2042:174:9 8 6 9 3 4 48 8 14 2 7 20 7 5 9 15:0.9 0.6 0.8 0.9 0.5 0.7 0.8 0.7 0.6 0.9 0.9 0.8 0.9 0.6 0.7 0.7
48 136 441 2043 2044:74:6 6 9 5 48:0.7 0.5 0.8 0.9 0.6
359 2045:35:5 30:0.8 0.5
2046:42:42:0.8
142 1568:62:30 32:0.9 0.6
2047:21:21:0.8
32 2048:36:27 9:0.8 0.8
18 39 947:68:21 7 40:0.5 0.6 0.7
38 39 170:29:20 5 4:0.6 0.6 0.7
36 38 39 48 274 976 1327 1654 1779 2049 2050 2051 2052 2053 2054 2055 2056 2057:415:48 12 8 10 12 80 6 40 14 21 2 33 27 20 36 12 27 7:0.9 0.8 0.5 0.8 0.6 0.5 0.9 0.9 0.8 0.9 0.7 0.9 0.6 0.5 0.7 0.6 0.6 0.7
38 39 41 48 475 1590:79:16 3 24 18 14 4:0.9 0.6 0.5 0.7 0.8 0.5
39 1334 1556 2058 2059 2060 2061:139:10 4 20 20 60 24 1:0.9 0.5 0.5 0.8 0.5 0.9 0.5
922 2062:44:28 16:0.8 0.5
39 249 278 2063:82:2 35 24 21:0.8 0.6 0.9 0.6
39 413 889 979 1198 1867 2064 2065:122:10 18 6 4 8 7 9 60:0.9 0.9 0.8 0.6 0.8 0.9 0.5 0.6
9 31 39 208 302 310 664 950 1198 1913 2006 2066 2067 2068:266:8 3 9 24 20 18 45 32 4 42 2 9 30 20:0.5 0.9 0.9 0.5 0.7 0.5 0.6 0.6 0.6 0.5 0.6 0.9 0.5 0.8
39 48:24:8 16:0.9 0.5
38 41 286 1425:68:2 9 8 49:0.6 0.5 0.9 0.7
39 41 48 1990:54:9 24 6 15:0.5 0.7 0.5 0.9
94 164 166 208 247 269 365 570 623 683 684 692 715 851 1065 1198 1233 1294 1404 1484 1569 2069 2070 2071 2072 2073 2074 2075 2076 2077 2078 2079 2080 2081 2082 2083 2084:768:12 4 8 27 12 15 20 9 18 42 20 15 8 15 28 40 60 8 90 8 2 40 10 5 32 6 18 15 15 27 4 35 18 20 12 40 10:0.7 0.6 0.7 0.9 0.9 0.5 0.9 0.5 0.6 0.8 0.5 0.5 0.9 0.8 0.6 0.8 0.9 0.6 0.9 0.9 0.5 0.5 0.7 0.9 0.8 0.9 0.8 0.6 0.7 0.6 0.6 0.7 0.6 0.9 0.7 0.9 0.5
39:9:9:0.8
32 39 131 223 1435 1530 2085:101:30 2 45 6 8 2 8:0.8 0.7 0.7 0.9 0.5 0.5 0.7
41 1600 2086 2087 2088:74:15 5 18 18 18:0.8 0.9 0.9 0.5 0.6
9 39 41 48 249 273 297 641 1210 1349 1532 1827 2064 2089 2090 2091 2092 2093 2094 2095 2096:321:72 5 6 8 10 12 24 4 20 6 10 8 1 27 10 6 4 4 21 35 28:0.5 0.7 0.6 0.9 0.7 0.6 0.8 0.5 0.8 0.5 0.9 0.6 0.9 0.7 0.6 0.9 0.8 0.8 0.8 0.8 0.7
39 48 504 809:58:10 18 2 28:0.6 0.8 0.8 0.8
39 41 48 65 80 464 984 2097 2098 2099 2100:152:2 24 10 18 16 6 8 18 6 36 8:0.7 0.9 0.9 0.6 0.9 0.8 0.9 0.5 0.8 0.8 0.5
39 41 48 352 547 676 952 1859 2101 2102 2103:112:3 30 12 16 16 8 3 2 4 12 6:0.9 0.6 0.7 0.9 0.8 0.5 0.5 0.6 0.7 0.7 0.9
39 41 95 96 341 384 960 1091 1899 2104:168:6 21 6 30 6 18 6 21 4 50:0.7 0.6 0.6 0.6 0.9 0.8 0.6 0.6 0.8 0.6
11 31 48 117 640 922 976 1463 1637 1792 2105 2106:199:3 9 6 15 4 28 64 4 27 2 21 16:0.8 0.9 0.8 0.6 0.7 0.5 0.5 0.7 0.7 0.7 0.8 0.7
32 48 636 749 1320 1350 2107:108:21 12 20 6 27 21 1:0.7 0.9 0.6 0.5 0.6 0.8 0.7
39 48 475 1345 2108:48:10 12 18 6 2:0.7 0.9 0.6 0.5 0.6
39 41 740 1791 1829 2109 2110:69:1 12 8 3 16 20 9:0.5 0.8 0.8 0.6 0.5 0.5 0.8
32 980 1658 2111 2112 2113:131:24 72 7 8 8 12:0.6 0.6 0.5 0.6 0.5 0.9
38 39 95 170 2114:65:2 1 18 40 4:0.6 0.7 0.8 0.6 0.9
22 123 692 982 1410 2115 2116 2117 2118 2119 2120 2121 2122 2123 2124 2125 2126:305:12 50 21 15 24 9 9 24 9 12 8 8 42 24 16 6 16:0.9 0.9 0.6 0.5 0.8 0.6 0.7 0.8 0.7 0.8 0.7 0.6 0.8 0.6 0.7 0.7 0.8
19 43 48 349 550 615 813 861 959 976 1274 1369 1494 1503 1538 1624 1750 1815 2002 2060 2127 2128 2129 2130 2131 2132 2133 2134 2135 2136 2137 2138 2139 2140 2141 2142 2143 2144 2145 2146 2147 2148 2149 2150:1086:25 10 16 6 60 40 8 72 4 72 12 28 16 21 15 15 4 18 3 48 9 14 20 60 24 24 6 36 45 30 20 7 54 20 3 36 16 10 20 20 9 4 36 70:0.6 0.8 0.6 0.7 0.9 0.5 0.9 0.7 0.9 0.5 0.8 0.9 0.6 0.5 0.8 0.8 0.6 0.5 0.7 0.6 0.9 0.7 0.6 0.7 0.7 0.7 0.9 0.6 0.5 0.9 0.9 0.6 0.7 0.7 0.7 0.6 0.6 0.9 0.6 0.5 0.8 0.5 0.7 0.9
41 48 147 150 185 200 311 313 439 451 543 739 763 817 851 904 926 1082 1159 1233 1393 1399 1663 2011 2074 2151 2152 2153 2154 2155 2156 2157 2158 2159 2160 2161 2162:673:3 2 15 7 2 7 18 18 8 35 32 14 1 20 9 25 32 30 30 42 8 6 45 2 2 8 15 40 40 18 50 9 30 20 3 3 24:0.6 0.9 0.5 0.9 0.7 0.6 0.6 0.5 0.8 0.9 0.5 0.9 0.6 0.7 0.7 0.6 0.5 0.8 0.8 0.8 0.5 0.6 0.5 0.8 0.5 0.7 0.5 0.8 0.9 0.6 0.6 0.7 0.7 0.5 0.5 0.9 0.7
39 269 657 1361 1742 2163 2164:132:7 18 18 3 40 40 6:0.7 0.9 0.7 0.6 0.7 0.7 0.6
38 39 41 48 286:53:16 4 15 6 12:0.8 0.8 0.9 0.5 0.8
38 39 41 48 110 123 237 478 2165:116:6 9 24 16 8 20 3 18 12:0.5 0.9 0.9 0.9 0.9 0.8 0.7 0.8 0.8
38 39 185 956 1415 1529 2166 2167:53:4 6 1 3 14 12 8 5:0.6 0.5 0.6 0.9 0.9 0.8 0.7 0.7
39 48 246:19:8 2 9:0.5 0.7 0.9
39 41 749 1578 1598 2168 2169 2170:104:2 12 2 15 42 20 3 8:0.7 0.9 0.8 0.7 0.5 0.6 0.5 0.7
38 68 281 535 1013 1864 1877 2171 2172:111:20 16 3 3 25 9 1 4 30:0.5 0.8 0.5 0.9 0.9 0.9 0.5 0.6 0.8
441 1415 2173:37:5 8 24:0.6 0.7 0.5
23 39 78 101 167 682 1184 2174 2175 2176:214:6 5 10 2 10 20 30 56 30 45:0.6 0.9 0.6 0.8 0.8 0.8 0.5 0.6 0.6 0.7
104 156 173 264 643 1899 2177 2178 2179 2180:226:4 36 24 36 45 9 24 4 42 2:0.5 0.8 0.5 0.7 0.6 0.5 0.5 0.5 0.8 0.6
17 32 39 60 604 916 2181 2182 2183:131:2 24 10 30 7 30 3 7 18:0.8 0.5 0.9 0.9 0.6 0.6 0.7 0.8 0.6
39 48 200 237 256 673 783 1953 2154 2184 2185 2186 2187 2188 2189 2190 2191:293:4 4 9 6 35 6 12 30 10 2 27 27 27 18 32 24 20:0.7 0.5 0.7 0.7 0.9 0.5 0.6 0.7 0.9 0.9 0.8 0.8 0.5 0.7 0.9 0.9 0.5
38 47 48 381 1349 1713 2192:97:18 8 4 9 9 35 14:0.6 0.9 0.8 0.9 0.7 0.6 0.8
39 740 1659:34:2 14 18:0.8 0.7 0.9
48 772 2193:44:18 12 14:0.9 0.6 0.8
39 475 522 2194:91:5 20 36 30:0.6 0.8 0.5 0.5
41 48 65 95 852 1011 1668 2195 2196 2197:174:3 6 10 20 14 8 6 72 32 3:0.9 0.5 0.8 0.9 0.5 0.6 0.5 0.5 0.7 0.8
32 39 41 48 101 127 2043:131:30 3 6 20 6 56 10:0.8 0.8 0.5 0.7 0.5 0.6 0.8
36 38 41 2198 2199:107:48 10 6 35 8:0.8 0.5 0.6 0.8 0.9
39 89 522 750 1221 1951 2200 2201 2202 2203 2204:160:6 2 32 16 8 18 8 16 30 18 6:0.7 0.6 0.5 0.9 0.6 0.6 0.5 0.7 0.5 0.5 0.6
38 39 41 48 390 824 855 992 2205 2206:204:12 2 27 2 8 8 16 90 24 15:0.8 0.9 0.7 0.8 0.9 0.7 0.7 0.9 0.7 0.7
39 246 499 1876 2207 2208:49:2 12 7 4 6 18:0.5 0.6 0.5 0.9 0.9 0.5
38 39 504 993 1435 2098:53:4 5 8 14 16 6:0.5 0.9 0.8 0.7 0.6 0.7
39 41 48 89 310:45:7 12 8 8 10:0.9 0.9 0.6 0.6 0.7
89 660 1192 2209 2210 2211:86:3 6 15 10 12 40:0.5 0.5 0.5 0.9 0.8 0.6
37 38 39 41 48 255 449 591 1072 1329 1696:80:3 8 8 12 14 8 12 6 5 3 1:0.7 0.9 0.7 0.8 0.5 0.9 0.9 0.6 0.8 0.8 0.5
38 170 220 232 1469 2212:104:14 24 16 20 18 12:0.8 0.5 0.7 0.6 0.8 0.6
39 341:34:7 27:0.6 0.6
48 2213:50:20 30:0.8 0.7
36 38 39 40 41 42 44 45 76 104 249 340 346 1417 1804 2122 2214 2215 2216 2217 2218 2219:431:24 8 4 12 24 12 36 50 6 12 10 20 12 12 30 12 18 27 14 42 30 16:0.8 0.8 0.6 0.5 0.8 0.7 0.5 0.5 0.6 0.9 0.8 0.9 0.5 0.5 0.7 0.9 0.8 0.6 0.5 0.9 0.6 0.7
273 522 1659 1688 1930 2169 2220 2221 2222 2223 2224:228:14 12 27 3 12 1 54 35 6 4 60:0.8 0.5 0.5 0.7 0.9 0.7 0.5 0.5 0.5 0.9 0.5
32 38 41 48 88 128 152 259 271 371 664 749 855 956 2204 2225 2226 2227 2228 2229 2230 2231 2232 2233 2234 2235 2236 2237 2238:562:21 12 21 20 12 45 36 60 10 18 10 18 2 12 24 35 6 40 16 2 28 6 8 45 1 16 6 18 14:0.9 0.8 0.7 0.8 0.8 0.7 0.6 0.5 0.7 0.7 0.8 0.5 0.9 0.7 0.8 0.6 0.7 0.8 0.9 0.5 0.7 0.7 0.7 0.6 0.9 0.5 0.5 0.8 0.8
32 246 1744 2239 2240 2241 2242 2243:125:15 21 14 27 8 12 18 10:0.6 0.5 0.5 0.5 0.5 0.7 0.9 0.7
39 189 549 675 899 978 1472 2244 2245 2246 2247 2248 2249 2250 2251 2252 2253 2254 2255 2256 2257 2258 2259 2260:389:5 6 4 28 8 80 5 2 40 3 2 16 6 40 30 9 21 1 10 24 8 12 20 9:0.9 0.8 0.9 0.8 0.7 0.8 0.5 0.6 0.5 0.5 0.9 0.9 0.8 0.5 0.6 0.6 0.6 0.5 0.5 0.8 0.5 0.8 0.5 0.5
38 39 41 48 1188 1424 1936 2261 2262 2263 2264 2265 2266:134:10 3 12 12 20 24 6 12 10 4 6 9 6:0.5 0.9 0.6 0.5 0.6 0.5 0.6 0.8 0.6 0.9 0.9 0.9 0.9
38 39 48 110 1327 1552 1659 2267 2268 2269:128:10 4 18 2 14 3 6 35 12 24:0.7 0.5 0.5 0.9 0.9 0.6 0.6 0.5 0.8 0.8
39 522 1242:31:3 12 16:0.9 0.8 0.5
32 39 48 264 282 2270:96:24 2 4 30 32 4:0.5 0.8 0.5 0.8 0.8 0.5
39 48 2271 2272 2273:28:5 8 5 4 6:0.9 0.7 0.6 0.8 0.5
491 706 1838 1877 2274 2275:40:2 14 3 9 8 4:0.9 0.6 0.7 0.9 0.6 0.8
2199 2276:8:6 2:0.7 0.7
38 39 48 68 170 178 310 643 723 1327 1683 2277:207:20 1 8 6 24 42 10 15 28 20 15 18:0.9 0.7 0.5 0.8 0.9 0.5 0.9 0.7 0.5 0.5 0.6 0.8
39 479 570 606 720 1393 2278 2279 2280 2281 2282 2283 2284:238:3 9 2 35 15 24 24 9 48 15 36 12 6:0.7 0.8 0.6 0.7 0.8 0.5 0.7 0.6 0.9 0.9 0.7 0.6 0.5
39 845 2285 2286:103:5 2 32 64:0.8 0.6 0.8 0.9
38 41 48 248 488 705 790 1591 2287:179:8 27 20 9 40 7 48 4 16:0.7 0.8 0.6 0.5 0.9 0.5 0.9 0.9 0.5
38 104 110 237 570 719 1473 1709:78:12 16 2 4 6 2 27 9:0.8 0.6 0.9 0.8 0.8 0.8 0.6 0.9
32 39 41 475 627 1484 2288 2289 2290 2291 2292:166:12 4 12 2 6 16 20 8 56 20 10:0.9 0.9 0.8 0.6 0.6 0.9 0.5 0.5 0.9 0.7 0.8
32 39 349 1103 1207 1456 1762 2293 2294 2295 2296:214:24 3 48 5 12 16 9 28 15 24 30:0.8 0.6 0.9 0.5 0.5 0.8 0.7 0.6 0.5 0.6 0.7
39 156 384 711 1508 1911 2297 2298:153:3 36 20 24 8 20 18 24:0.8 0.5 0.8 0.6 0.5 0.8 0.5 0.8
38 41 56 110 2299:36:4 3 10 9 10:0.5 0.5 0.7 0.6 0.8
184 187 339 2087 2300 2301 2302 2303 2304 2305 2306 2307 2308 2309:205:12 14 7 14 9 32 28 6 12 10 10 7 20 24:0.7 0.5 0.7 0.9 0.8 0.9 0.8 0.8 0.9 0.9 0.5 0.5 0.8 0.6
38 110 2310:27:16 1 10:0.9 0.7 0.6
39 513:18:8 10:0.5 0.6
38 48 170 350:70:18 16 24 12:0.9 0.6 0.6 0.8
38 39 41 48 110 1327:64:4 3 18 18 5 16:0.5 0.6 0.6 0.8 0.8 0.6
39 48 312 795 796 1818 2311 2312:136:10 6 12 5 40 2 36 25:0.9 0.9 0.7 0.9 0.8 0.5 0.8 0.7
39 71 604 2313:151:7 60 49 35:0.5 0.5 0.8 0.8
39 113 408 413 654 944 1735 2212 2314 2315 2316 2317 2318 2319:211:3 15 12 42 12 42 6 8 7 3 7 21 8 25:0.7 0.5 0.8 0.7 0.8 0.9 0.5 0.6 0.7 0.5 0.7 0.8 0.6 0.8
2320 2321:37:27 10:0.5 0.5
38 39 65 72 80 95 150 170 586 723 970 1124 1342 2322 2323 2324 2325 2326 2327:252:4 6 2 18 40 8 8 36 6 16 14 4 25 18 10 4 3 16 14:0.7 0.8 0.6 0.9 0.7 0.5 0.9 0.7 0.5 0.7 0.9 0.5 0.7 0.6 0.5 0.5 0.7 0.5 0.8
37 38 2328 2329:53:27 4 12 10:0.9 0.8 0.7 0.5
60:20:20:0.5
39 1121 1146 1232 1956 2330:63:8 18 3 21 6 7:0.6 0.8 0.9 0.5 0.9 0.8
36 38 39 41 721 952 976 1249 1436 2106 2331:209:40 8 10 3 5 3 72 20 6 32 10:0.7 0.5 0.8 0.9 0.5 0.8 0.7 0.6 0.8 0.7 0.6
32 38 156 266 286 803 1365 2332:154:24 10 8 30 20 12 30 20:0.5 0.9 0.9 0.5 0.7 0.6 0.5 0.5
